# x y u_computed u_exact error
0.00000000 0.00000000 1.00000000 1.00000000 0.00000000
0.02439024 0.00000000 1.02470111 1.02468764 0.00001347
0.04878049 0.00000000 1.04999479 1.04996953 0.00002526
0.07317073 0.00000000 1.07588027 1.07584399 0.00003628
0.09756098 0.00000000 1.10235498 1.10230813 0.00004685
0.12195122 0.00000000 1.12941496 1.12935781 0.00005715
0.14634146 0.00000000 1.15705482 1.15698755 0.00006727
0.17073171 0.00000000 1.18526771 1.18519043 0.00007728
0.19512195 0.00000000 1.21404532 1.21395809 0.00008722
0.21951220 0.00000000 1.24337778 1.24328062 0.00009715
0.24390244 0.00000000 1.27325359 1.27314650 0.00010709
0.26829268 0.00000000 1.30365961 1.30354254 0.00011707
0.29268293 0.00000000 1.33458094 1.33445383 0.00012712
0.31707317 0.00000000 1.36600093 1.36586369 0.00013724
0.34146341 0.00000000 1.39790107 1.39775360 0.00014747
0.36585366 0.00000000 1.43026098 1.43010317 0.00015782
0.39024390 0.00000000 1.46305838 1.46289009 0.00016829
0.41463415 0.00000000 1.49626900 1.49609010 0.00017890
0.43902439 0.00000000 1.52986662 1.52967696 0.00018966
0.46341463 0.00000000 1.56382301 1.56362244 0.00020057
0.48780488 0.00000000 1.59810790 1.59789626 0.00021164
0.51219512 0.00000000 1.63268902 1.63246615 0.00022287
0.53658537 0.00000000 1.66753207 1.66729781 0.00023426
0.56097561 0.00000000 1.70260072 1.70235491 0.00024580
0.58536585 0.00000000 1.73785665 1.73759915 0.00025750
0.60975610 0.00000000 1.77325959 1.77299025 0.00026934
0.63414634 0.00000000 1.80876734 1.80848602 0.00028132
0.65853659 0.00000000 1.84433581 1.84404238 0.00029342
0.68292683 0.00000000 1.87991909 1.87961346 0.00030563
0.70731707 0.00000000 1.91546956 1.91515163 0.00031793
0.73170732 0.00000000 1.95093789 1.95060760 0.00033030
0.75609756 0.00000000 1.98627323 1.98593052 0.00034271
0.78048780 0.00000000 2.02142322 2.02106808 0.00035514
0.80487805 0.00000000 2.05633417 2.05596662 0.00036755
0.82926829 0.00000000 2.09095118 2.09057127 0.00037991
0.85365854 0.00000000 2.12521824 2.12482606 0.00039218
0.87804878 0.00000000 2.15907841 2.15867410 0.00040430
0.90243902 0.00000000 2.19247395 2.19205772 0.00041623
0.92682927 0.00000000 2.22534653 2.22491863 0.00042790
0.95121951 0.00000000 2.25763734 2.25719811 0.00043923
0.97560976 0.00000000 2.28928730 2.28883719 0.00045011
1.00000000 0.00000000 2.32023721 2.31977682 0.00046038
0.00000000 0.02439024 1.02469012 1.02469012 0.00000000
0.02439024 0.02439024 1.04999917 1.04998730 0.00001187
0.04878049 0.02439024 1.07591655 1.07589340 0.00002315
0.07317073 0.02439024 1.10244064 1.10240670 0.00003393
0.09756098 0.02439024 1.12956861 1.12952425 0.00004436
0.12195122 0.02439024 1.15729634 1.15724179 0.00005455
0.14634146 0.02439024 1.18561828 1.18555371 0.00006457
0.17073171 0.02439024 1.21452741 1.21445292 0.00007449
0.19512195 0.02439024 1.24401521 1.24393086 0.00008435
0.21951220 0.02439024 1.27407156 1.27397737 0.00009419
0.24390244 0.02439024 1.30468468 1.30458064 0.00010405
0.26829268 0.02439024 1.33584110 1.33572716 0.00011394
0.29268293 0.02439024 1.36752556 1.36740165 0.00012390
0.31707317 0.02439024 1.39972097 1.39958703 0.00013395
0.34146341 0.02439024 1.43240839 1.43226430 0.00014409
0.36585366 0.02439024 1.46556694 1.46541259 0.00015435
0.39024390 0.02439024 1.49917376 1.49900902 0.00016474
0.41463415 0.02439024 1.53320401 1.53302874 0.00017527
0.43902439 0.02439024 1.56763081 1.56744487 0.00018594
0.46341463 0.02439024 1.60242523 1.60222846 0.00019677
0.48780488 0.02439024 1.63755627 1.63734851 0.00020776
0.51219512 0.02439024 1.67299084 1.67277194 0.00021890
0.53658537 0.02439024 1.70869380 1.70846359 0.00023021
0.56097561 0.02439024 1.74462792 1.74438626 0.00024167
0.58536585 0.02439024 1.78075396 1.78050068 0.00025328
0.60975610 0.02439024 1.81703063 1.81676559 0.00026504
0.63414634 0.02439024 1.85341469 1.85313775 0.00027694
0.65853659 0.02439024 1.88986096 1.88957201 0.00028895
0.68292683 0.02439024 1.92632242 1.92602134 0.00030108
0.70731707 0.02439024 1.96275025 1.96243695 0.00031330
0.73170732 0.02439024 1.99909392 1.99876833 0.00032559
0.75609756 0.02439024 2.03530130 2.03496338 0.00033793
0.78048780 0.02439024 2.07131877 2.07096849 0.00035028
0.80487805 0.02439024 2.10709130 2.10672868 0.00036262
0.82926829 0.02439024 2.14256263 2.14218772 0.00037491
0.85365854 0.02439024 2.17767538 2.17728827 0.00038711
0.87804878 0.02439024 2.21237120 2.21197202 0.00039918
0.90243902 0.02439024 2.24659093 2.24617988 0.00041105
0.92682927 0.02439024 2.28027480 2.27985213 0.00042267
0.95121951 0.02439024 2.31336256 2.31292860 0.00043397
0.97560976 0.02439024 2.34579369 2.34534885 0.00044485
1.00000000 0.02439024 2.37750759 2.37705239 0.00045520
0.00000000 0.04878049 1.04998984 1.04998984 0.00000000
0.02439024 0.04878049 1.07592252 1.07591161 0.00001091
0.04878049 0.04878049 1.10247894 1.10245734 0.00002160
0.07317073 0.04878049 1.12965728 1.12962525 0.00003202
0.09756098 0.04878049 1.15745454 1.15741234 0.00004220
0.12195122 0.04878049 1.18586643 1.18581423 0.00005220
0.14634146 0.04878049 1.21488724 1.21482517 0.00006207
0.17073171 0.04878049 1.24450976 1.24443791 0.00007185
0.19512195 0.04878049 1.27472526 1.27464367 0.00008159
0.21951220 0.04878049 1.30552334 1.30543202 0.00009132
0.24390244 0.04878049 1.33689196 1.33679089 0.00010107
0.26829268 0.04878049 1.36881728 1.36870642 0.00011086
0.29268293 0.04878049 1.40128369 1.40116296 0.00012072
0.31707317 0.04878049 1.43427367 1.43414300 0.00013067
0.34146341 0.04878049 1.46776780 1.46762708 0.00014072
0.36585366 0.04878049 1.50174468 1.50159380 0.00015089
0.39024390 0.04878049 1.53618091 1.53601973 0.00016118
0.41463415 0.04878049 1.57105102 1.57087940 0.00017162
0.43902439 0.04878049 1.60632747 1.60614527 0.00018220
0.46341463 0.04878049 1.64198061 1.64178767 0.00019294
0.48780488 0.04878049 1.67797868 1.67777484 0.00020384
0.51219512 0.04878049 1.71428777 1.71407288 0.00021490
0.53658537 0.04878049 1.75087188 1.75064576 0.00022612
0.56097561 0.04878049 1.78769286 1.78745536 0.00023749
0.58536585 0.04878049 1.82471048 1.82446145 0.00024903
0.60975610 0.04878049 1.86188246 1.86162175 0.00026071
0.63414634 0.04878049 1.89916447 1.89889195 0.00027253
0.65853659 0.04878049 1.93651024 1.93622577 0.00028447
0.68292683 0.04878049 1.97387157 1.97357504 0.00029653
0.70731707 0.04878049 2.01119843 2.01088975 0.00030868
0.73170732 0.04878049 2.04843906 2.04811816 0.00032091
0.75609756 0.04878049 2.08554005 2.08520686 0.00033318
0.78048780 0.04878049 2.12244643 2.12210095 0.00034548
0.80487805 0.04878049 2.15910183 2.15874406 0.00035777
0.82926829 0.04878049 2.19544861 2.19507859 0.00037002
0.85365854 0.04878049 2.23142796 2.23104577 0.00038219
0.87804878 0.04878049 2.26698010 2.26658587 0.00039422
0.90243902 0.04878049 2.30204442 2.30163833 0.00040609
0.92682927 0.04878049 2.33655967 2.33614195 0.00041772
0.95121951 0.04878049 2.37046413 2.37003508 0.00042905
0.97560976 0.04878049 2.40369581 2.40325579 0.00044002
1.00000000 0.04878049 2.43619265 2.43574210 0.00045055
0.00000000 0.07317073 1.07591421 1.07591421 0.00000000
0.02439024 0.07317073 1.10248624 1.10247600 0.00001024
0.04878049 0.07317073 1.12969754 1.12967714 0.00002040
0.07317073 0.07317073 1.15754626 1.15751584 0.00003043
0.09756098 0.07317073 1.18602929 1.18598899 0.00004031
0.12195122 0.07317073 1.21514219 1.21509213 0.00005007
0.14634146 0.07317073 1.24487909 1.24481935 0.00005974
0.17073171 0.07317073 1.27523259 1.27516323 0.00006936
0.19512195 0.07317073 1.30619371 1.30611477 0.00007894
0.21951220 0.07317073 1.33775183 1.33766329 0.00008854
0.24390244 0.07317073 1.36989457 1.36979641 0.00009816
0.26829268 0.07317073 1.40260777 1.40249994 0.00010783
0.29268293 0.07317073 1.43587542 1.43575784 0.00011758
0.31707317 0.07317073 1.46967957 1.46955216 0.00012741
0.34146341 0.07317073 1.50400032 1.50386296 0.00013735
0.36585366 0.07317073 1.53881574 1.53866833 0.00014742
0.39024390 0.07317073 1.57410185 1.57394424 0.00015761
0.41463415 0.07317073 1.60983255 1.60966460 0.00016795
0.43902439 0.07317073 1.64597962 1.64580119 0.00017844
0.46341463 0.07317073 1.68251269 1.68232360 0.00018908
0.48780488 0.07317073 1.71939919 1.71919930 0.00019989
0.51219512 0.07317073 1.75660440 1.75639354 0.00021086
0.53658537 0.07317073 1.79409140 1.79386941 0.00022199
0.56097561 0.07317073 1.83182113 1.83158785 0.00023329
0.58536585 0.07317073 1.86975236 1.86950762 0.00024474
0.60975610 0.07317073 1.90784176 1.90758541 0.00025634
0.63414634 0.07317073 1.94604391 1.94577581 0.00026809
0.65853659 0.07317073 1.98431138 1.98403141 0.00027997
0.68292683 0.07317073 2.02259481 2.02230284 0.00029197
0.70731707 0.07317073 2.06084292 2.06053886 0.00030406
0.73170732 0.07317073 2.09900267 2.09868644 0.00031624
0.75609756 0.07317073 2.13701934 2.13669087 0.00032847
0.78048780 0.07317073 2.17483660 2.17449587 0.00034073
0.80487805 0.07317073 2.21239670 2.21204371 0.00035299
0.82926829 0.07317073 2.24964057 2.24927534 0.00036522
0.85365854 0.07317073 2.28650795 2.28613056 0.00037739
0.87804878 0.07317073 2.32293758 2.32254815 0.00038944
0.90243902 0.07317073 2.35886739 2.35846606 0.00040133
0.92682927 0.07317073 2.39423459 2.39382158 0.00041302
0.95121951 0.07317073 2.42897597 2.42855153 0.00042444
0.97560976 0.07317073 2.46302801 2.46259246 0.00043555
1.00000000 0.07317073 2.49632715 2.49588086 0.00044629
0.00000000 0.09756098 1.10247866 1.10247866 0.00000000
0.02439024 0.09756098 1.12970597 1.12969626 0.00000971
0.04878049 0.09756098 1.15758841 1.15756900 0.00001941
0.07317073 0.09756098 1.18612409 1.18609504 0.00002905
0.09756098 0.09756098 1.21530981 1.21527120 0.00003862
0.12195122 0.09756098 1.24514101 1.24509289 0.00004812
0.14634146 0.09756098 1.27561165 1.27555409 0.00005757
0.17073171 0.09756098 1.30671415 1.30664716 0.00006699
0.19512195 0.09756098 1.33843930 1.33836290 0.00007640
0.21951220 0.09756098 1.37077620 1.37069036 0.00008584
0.24390244 0.09756098 1.40371216 1.40361685 0.00009531
0.26829268 0.09756098 1.43723268 1.43712783 0.00010485
0.29268293 0.09756098 1.47132133 1.47120687 0.00011446
0.31707317 0.09756098 1.50595975 1.50583557 0.00012417
0.34146341 0.09756098 1.54112751 1.54099352 0.00013400
0.36585366 0.09756098 1.57680217 1.57665823 0.00014394
0.39024390 0.09756098 1.61295914 1.61280511 0.00015403
0.41463415 0.09756098 1.64957167 1.64940741 0.00016426
0.43902439 0.09756098 1.68661086 1.68643621 0.00017464
0.46341463 0.09756098 1.72404557 1.72386037 0.00018519
0.48780488 0.09756098 1.76184244 1.76164654 0.00019590
0.51219512 0.09756098 1.79996589 1.79975911 0.00020678
0.53658537 0.09756098 1.83837809 1.83816026 0.00021783
0.56097561 0.09756098 1.87703901 1.87680997 0.00022904
0.58536585 0.09756098 1.91590641 1.91566599 0.00024042
0.60975610 0.09756098 1.95493588 1.95468392 0.00025195
0.63414634 0.09756098 1.99408088 1.99381725 0.00026363
0.65853659 0.09756098 2.03329283 2.03301738 0.00027545
0.68292683 0.09756098 2.07252113 2.07223374 0.00028739
0.70731707 0.09756098 2.11171325 2.11141381 0.00029944
0.73170732 0.09756098 2.15081483 2.15050326 0.00031158
0.75609756 0.09756098 2.18976980 2.18944602 0.00032378
0.78048780 0.09756098 2.22852046 2.22818443 0.00033602
0.80487805 0.09756098 2.26700761 2.26665933 0.00034828
0.82926829 0.09756098 2.30517074 2.30481022 0.00036052
0.85365854 0.09756098 2.34294810 2.34257539 0.00037270
0.87804878 0.09756098 2.38027693 2.37989214 0.00038479
0.90243902 0.09756098 2.41709361 2.41669686 0.00039675
0.92682927 0.09756098 2.45333384 2.45292532 0.00040853
0.95121951 0.09756098 2.48893284 2.48851276 0.00042008
0.97560976 0.09756098 2.52382553 2.52339416 0.00043136
1.00000000 0.09756098 2.55794679 2.55750445 0.00044233
0.00000000 0.12195122 1.12969899 1.12969899 0.00000000
0.02439024 0.12195122 1.15759786 1.15758860 0.00000927
0.04878049 0.12195122 1.18616808 1.18614952 0.00001856
0.07317073 0.12195122 1.21540770 1.21537987 0.00002783
0.09756098 0.12195122 1.24531347 1.24527639 0.00003708
0.12195122 0.12195122 1.27588070 1.27583439 0.00004631
0.14634146 0.12195122 1.30710319 1.30704767 0.00005552
0.17073171 0.12195122 1.33897316 1.33890844 0.00006473
0.19512195 0.12195122 1.37148119 1.37140724 0.00007395
0.21951220 0.12195122 1.40461607 1.40453287 0.00008321
0.24390244 0.12195122 1.43836484 1.43827232 0.00009252
0.26829268 0.12195122 1.47271259 1.47261069 0.00010190
0.29268293 0.12195122 1.50764252 1.50753115 0.00011137
0.31707317 0.12195122 1.54313578 1.54301483 0.00012095
0.34146341 0.12195122 1.57917148 1.57904083 0.00013064
0.36585366 0.12195122 1.61572658 1.61558611 0.00014047
0.39024390 0.12195122 1.65277589 1.65262546 0.00015043
0.41463415 0.12195122 1.69029203 1.69013148 0.00016055
0.43902439 0.12195122 1.72824535 1.72807453 0.00017083
0.46341463 0.12195122 1.76660396 1.76642269 0.00018127
0.48780488 0.12195122 1.80533368 1.80514180 0.00019188
0.51219512 0.12195122 1.84439804 1.84419537 0.00020267
0.53658537 0.12195122 1.88375829 1.88354466 0.00021363
0.56097561 0.12195122 1.92337339 1.92314863 0.00022476
0.58536585 0.12195122 1.96320007 1.96296401 0.00023606
0.60975610 0.12195122 2.00319283 2.00294530 0.00024753
0.63414634 0.12195122 2.04330398 2.04304484 0.00025914
0.65853659 0.12195122 2.08348373 2.08321282 0.00027091
0.68292683 0.12195122 2.12368024 2.12339744 0.00028280
0.70731707 0.12195122 2.16383968 2.16354486 0.00029482
0.73170732 0.12195122 2.20390636 2.20359944 0.00030693
0.75609756 0.12195122 2.24382282 2.24350370 0.00031911
0.78048780 0.12195122 2.28352992 2.28319857 0.00033135
0.80487805 0.12195122 2.32296704 2.32262342 0.00034362
0.82926829 0.12195122 2.36207214 2.36171626 0.00035588
0.85365854 0.12195122 2.40078197 2.40041386 0.00036811
0.87804878 0.12195122 2.43903223 2.43865196 0.00038027
0.90243902 0.12195122 2.47675771 2.47636540 0.00039231
0.92682927 0.12195122 2.51389255 2.51348833 0.00040421
0.95121951 0.12195122 2.55037035 2.54995443 0.00041592
0.97560976 0.12195122 2.58612447 2.58569707 0.00042740
1.00000000 0.12195122 2.62108816 2.62064954 0.00043861
0.00000000 0.14634146 1.15759140 1.15759140 0.00000000
0.02439024 0.14634146 1.18617847 1.18616960 0.00000887
0.04878049 0.14634146 1.21545348 1.21543569 0.00001779
0.07317073 0.14634146 1.24541446 1.24538774 0.00002672
0.09756098 0.14634146 1.27605807 1.27602241 0.00003567
0.12195122 0.14634146 1.30737950 1.30733489 0.00004461
0.14634146 0.14634146 1.33937240 1.33931883 0.00005357
0.17073171 0.14634146 1.37202880 1.37196625 0.00006255
0.19512195 0.14634146 1.40533902 1.40526744 0.00007157
0.21951220 0.14634146 1.43929159 1.43921095 0.00008064
0.24390244 0.14634146 1.47387321 1.47378343 0.00008977
0.26829268 0.14634146 1.50906862 1.50896962 0.00009899
0.29268293 0.14634146 1.54486058 1.54475227 0.00010831
0.31707317 0.14634146 1.58122979 1.58111205 0.00011774
0.34146341 0.14634146 1.61815483 1.61802754 0.00012729
0.36585366 0.14634146 1.65561211 1.65547512 0.00013698
0.39024390 0.14634146 1.69357580 1.69342898 0.00014682
0.41463415 0.14634146 1.73201785 1.73186103 0.00015682
0.43902439 0.14634146 1.77090788 1.77074089 0.00016698
0.46341463 0.14634146 1.81021320 1.81003588 0.00017732
0.48780488 0.14634146 1.84989879 1.84971096 0.00018783
0.51219512 0.14634146 1.88992730 1.88972877 0.00019852
0.53658537 0.14634146 1.93025899 1.93004960 0.00020939
0.56097561 0.14634146 1.97085184 1.97063140 0.00022044
0.58536585 0.14634146 2.01166149 2.01142983 0.00023167
0.60975610 0.14634146 2.05264132 2.05239826 0.00024306
0.63414634 0.14634146 2.09374248 2.09348786 0.00025462
0.65853659 0.14634146 2.13491393 2.13464760 0.00026634
0.68292683 0.14634146 2.17610256 2.17582437 0.00027819
0.70731707 0.14634146 2.21725322 2.21696304 0.00029018
0.73170732 0.14634146 2.25830884 2.25800657 0.00030227
0.75609756 0.14634146 2.29921053 2.29889608 0.00031445
0.78048780 0.14634146 2.33989772 2.33957102 0.00032670
0.80487805 0.14634146 2.38030826 2.37996927 0.00033900
0.82926829 0.14634146 2.42037861 2.42002731 0.00035130
0.85365854 0.14634146 2.46004396 2.45968036 0.00036360
0.87804878 0.14634146 2.49923840 2.49886256 0.00037584
0.90243902 0.14634146 2.53789515 2.53750715 0.00038800
0.92682927 0.14634146 2.57594670 2.57554666 0.00040004
0.95121951 0.14634146 2.61332503 2.61291311 0.00041192
0.97560976 0.14634146 2.64996185 2.64953823 0.00042361
1.00000000 0.14634146 2.68578877 2.68535369 0.00043508
0.00000000 0.17073171 1.18617246 1.18617246 0.00000000
0.02439024 0.17073171 1.21546478 1.21545627 0.00000852
0.04878049 0.17073171 1.24546203 1.24544494 0.00001708
0.07317073 0.17073171 1.27616221 1.27613651 0.00002569
0.09756098 0.17073171 1.30756189 1.30752755 0.00003433
0.12195122 0.17073171 1.33965614 1.33961314 0.00004300
0.14634146 0.17073171 1.37243848 1.37238677 0.00005171
0.17073171 0.17073171 1.40590071 1.40584026 0.00006045
0.19512195 0.17073171 1.44003292 1.43996367 0.00006926
0.21951220 0.17073171 1.47482336 1.47474524 0.00007812
0.24390244 0.17073171 1.51025839 1.51017132 0.00008707
0.26829268 0.17073171 1.54632238 1.54622626 0.00009611
0.29268293 0.17073171 1.58299765 1.58289239 0.00010526
0.31707317 0.17073171 1.62026443 1.62014990 0.00011454
0.34146341 0.17073171 1.65810077 1.65797683 0.00012394
0.36585366 0.17073171 1.69648249 1.69634900 0.00013349
0.39024390 0.17073171 1.73538314 1.73523994 0.00014320
0.41463415 0.17073171 1.77477395 1.77462088 0.00015307
0.43902439 0.17073171 1.81462381 1.81446069 0.00016311
0.46341463 0.17073171 1.85489921 1.85472588 0.00017333
0.48780488 0.17073171 1.89556429 1.89538055 0.00018374
0.51219512 0.17073171 1.93658073 1.93638640 0.00019433
0.53658537 0.17073171 1.97790786 1.97770275 0.00020511
0.56097561 0.17073171 2.01950260 2.01928652 0.00021607
0.58536585 0.17073171 2.06131949 2.06109227 0.00022723
0.60975610 0.17073171 2.10331077 2.10307222 0.00023856
0.63414634 0.17073171 2.14542638 2.14517632 0.00025006
0.65853659 0.17073171 2.18761403 2.18735230 0.00026173
0.68292683 0.17073171 2.22981928 2.22954573 0.00027355
0.70731707 0.17073171 2.27198564 2.27170013 0.00028551
0.73170732 0.17073171 2.31405461 2.31375702 0.00029760
0.75609756 0.17073171 2.35596588 2.35565610 0.00030978
0.78048780 0.17073171 2.39765736 2.39733530 0.00032206
0.80487805 0.17073171 2.43906538 2.43873099 0.00033439
0.82926829 0.17073171 2.48012483 2.47977807 0.00034676
0.85365854 0.17073171 2.52076929 2.52041016 0.00035913
0.87804878 0.17073171 2.56093126 2.56055978 0.00037148
0.90243902 0.17073171 2.60054228 2.60015851 0.00038377
0.92682927 0.17073171 2.63953318 2.63913721 0.00039597
0.95121951 0.17073171 2.67783429 2.67742624 0.00040804
0.97560976 0.17073171 2.71537561 2.71495565 0.00041996
1.00000000 0.17073171 2.75208709 2.75165539 0.00043169
0.00000000 0.19512195 1.21545920 1.21545920 0.00000000
0.02439024 0.19512195 1.24547420 1.24546602 0.00000818
0.04878049 0.19512195 1.27621155 1.27619513 0.00001642
0.07317073 0.19512195 1.30766919 1.30764448 0.00002472
0.09756098 0.19512195 1.33984363 1.33981056 0.00003306
0.12195122 0.19512195 1.37272981 1.37268835 0.00004146
0.14634146 0.19512195 1.40632107 1.40627116 0.00004990
0.17073171 0.19512195 1.44060903 1.44055062 0.00005841
0.19512195 0.19512195 1.47558353 1.47551654 0.00006699
0.21951220 0.19512195 1.51123252 1.51115688 0.00007565
0.24390244 0.19512195 1.54754203 1.54745763 0.00008440
0.26829268 0.19512195 1.58449603 1.58440277 0.00009326
0.29268293 0.19512195 1.62207642 1.62197419 0.00010223
0.31707317 0.19512195 1.66026293 1.66015159 0.00011134
0.34146341 0.19512195 1.69903306 1.69891248 0.00012059
0.36585366 0.19512195 1.73836205 1.73823206 0.00012999
0.39024390 0.19512195 1.77822278 1.77808322 0.00013955
0.41463415 0.19512195 1.81858577 1.81843648 0.00014929
0.43902439 0.19512195 1.85941915 1.85925994 0.00015921
0.46341463 0.19512195 1.90068859 1.90051928 0.00016931
0.48780488 0.19512195 1.94235732 1.94217772 0.00017960
0.51219512 0.19512195 1.98438611 1.98419601 0.00019009
0.53658537 0.19512195 2.02673325 2.02653247 0.00020078
0.56097561 0.19512195 2.06935461 2.06914295 0.00021166
0.58536585 0.19512195 2.11220361 2.11198088 0.00022273
0.60975610 0.19512195 2.15523132 2.15499732 0.00023400
0.63414634 0.19512195 2.19838643 2.19814098 0.00024545
0.65853659 0.19512195 2.24161536 2.24135829 0.00025707
0.68292683 0.19512195 2.28486235 2.28459348 0.00026887
0.70731707 0.19512195 2.32806948 2.32778867 0.00028081
0.73170732 0.19512195 2.37117685 2.37088396 0.00029289
0.75609756 0.19512195 2.41412262 2.41381752 0.00030510
0.78048780 0.19512195 2.45684320 2.45652580 0.00031740
0.80487805 0.19512195 2.49927334 2.49894355 0.00032979
0.82926829 0.19512195 2.54134632 2.54100409 0.00034223
0.85365854 0.19512195 2.58299408 2.58263939 0.00035469
0.87804878 0.19512195 2.62414746 2.62378030 0.00036716
0.90243902 0.19512195 2.66473633 2.66435673 0.00037960
0.92682927 0.19512195 2.70468980 2.70429783 0.00039197
0.95121951 0.19512195 2.74393647 2.74353222 0.00040425
0.97560976 0.19512195 2.78240463 2.78198823 0.00041641
1.00000000 0.19512195 2.82002250 2.81959409 0.00042841
0.00000000 0.21951220 1.24546904 1.24546904 0.00000000
0.02439024 0.21951220 1.27622459 1.27621673 0.00000786
0.04878049 0.21951220 1.30772033 1.30770454 0.00001579
0.07317073 0.21951220 1.33995416 1.33993037 0.00002378
0.09756098 0.21951220 1.37292249 1.37289065 0.00003184
0.12195122 0.21951220 1.40662015 1.40658019 0.00003996
0.14634146 0.21951220 1.44104031 1.44099217 0.00004815
0.17073171 0.21951220 1.47617440 1.47611798 0.00005641
0.19512195 0.21951220 1.51201198 1.51194722 0.00006476
0.21951220 0.21951220 1.54854072 1.54846752 0.00007320
0.24390244 0.21951220 1.58574629 1.58566454 0.00008175
0.26829268 0.21951220 1.62361228 1.62352187 0.00009041
0.29268293 0.21951220 1.66212013 1.66202092 0.00009921
0.31707317 0.21951220 1.70124907 1.70114093 0.00010814
0.34146341 0.21951220 1.74097605 1.74085883 0.00011722
0.36585366 0.21951220 1.78127568 1.78114921 0.00012647
0.39024390 0.21951220 1.82212019 1.82198431 0.00013588
0.41463415 0.21951220 1.86347938 1.86333389 0.00014548
0.43902439 0.21951220 1.90532056 1.90516529 0.00015527
0.46341463 0.21951220 1.94760857 1.94744333 0.00016524
0.48780488 0.21951220 1.99030574 1.99013032 0.00017542
0.51219512 0.21951220 2.03337185 2.03318605 0.00018581
0.53658537 0.21951220 2.07676419 2.07656780 0.00019639
0.56097561 0.21951220 2.12043752 2.12023033 0.00020719
0.58536585 0.21951220 2.16434412 2.16412594 0.00021818
0.60975610 0.21951220 2.20843384 2.20820446 0.00022938
0.63414634 0.21951220 2.25265412 2.25241334 0.00024078
0.65853659 0.21951220 2.29695006 2.29669769 0.00025237
0.68292683 0.21951220 2.34126450 2.34100037 0.00026413
0.70731707 0.21951220 2.38553811 2.38526205 0.00027606
0.73170732 0.21951220 2.42970951 2.42942136 0.00028815
0.75609756 0.21951220 2.47371534 2.47341497 0.00030038
0.78048780 0.21951220 2.51749043 2.51717771 0.00031272
0.80487805 0.21951220 2.56096793 2.56064276 0.00032517
0.82926829 0.21951220 2.60407947 2.60374178 0.00033769
0.85365854 0.21951220 2.64675532 2.64640506 0.00035026
0.87804878 0.21951220 2.68892461 2.68856175 0.00036286
0.90243902 0.21951220 2.73051547 2.73014001 0.00037545
0.92682927 0.21951220 2.77145527 2.77106726 0.00038801
0.95121951 0.21951220 2.81167086 2.81127035 0.00040051
0.97560976 0.21951220 2.85108876 2.85067585 0.00041291
1.00000000 0.21951220 2.88963540 2.88921021 0.00042519
0.00000000 0.24390244 1.27621982 1.27621982 0.00000000
0.02439024 0.24390244 1.30773422 1.30772667 0.00000755
0.04878049 0.24390244 1.34000710 1.33999192 0.00001518
0.07317073 0.24390244 1.37303629 1.37301341 0.00002288
0.09756098 0.24390244 1.40681813 1.40678748 0.00003065
0.12195122 0.24390244 1.44134732 1.44130882 0.00003850
0.14634146 0.24390244 1.47661686 1.47657043 0.00004643
0.17073171 0.24390244 1.51261796 1.51256351 0.00005445
0.19512195 0.24390244 1.54933994 1.54927737 0.00006256
0.21951220 0.24390244 1.58677015 1.58669937 0.00007078
0.24390244 0.24390244 1.62489391 1.62481479 0.00007912
0.26829268 0.24390244 1.66369440 1.66360681 0.00008758
0.29268293 0.24390244 1.70315260 1.70305642 0.00009618
0.31707317 0.24390244 1.74324724 1.74314230 0.00010493
0.34146341 0.24390244 1.78395468 1.78384084 0.00011384
0.36585366 0.24390244 1.82524893 1.82512600 0.00012293
0.39024390 0.24390244 1.86710150 1.86696932 0.00013219
0.41463415 0.24390244 1.90948147 1.90933983 0.00014164
0.43902439 0.24390244 1.95235533 1.95220405 0.00015128
0.46341463 0.24390244 1.99568707 1.99552594 0.00016113
0.48780488 0.24390244 2.03943806 2.03926687 0.00017119
0.51219512 0.24390244 2.08356712 2.08338565 0.00018146
0.53658537 0.24390244 2.12803045 2.12783850 0.00019195
0.56097561 0.24390244 2.17278172 2.17257907 0.00020265
0.58536585 0.24390244 2.21777204 2.21755847 0.00021357
0.60975610 0.24390244 2.26294999 2.26272529 0.00022470
0.63414634 0.24390244 2.30826174 2.30802569 0.00023604
0.65853659 0.24390244 2.35365102 2.35340343 0.00024759
0.68292683 0.24390244 2.39905927 2.39879994 0.00025933
0.70731707 0.24390244 2.44442571 2.44415446 0.00027125
0.73170732 0.24390244 2.48968741 2.48940406 0.00028335
0.75609756 0.24390244 2.53477948 2.53448388 0.00029560
0.78048780 0.24390244 2.57963512 2.57932713 0.00030799
0.80487805 0.24390244 2.62418584 2.62386534 0.00032051
0.82926829 0.24390244 2.66836159 2.66802848 0.00033312
0.85365854 0.24390244 2.71209093 2.71174512 0.00034580
0.87804878 0.24390244 2.75530120 2.75494266 0.00035854
0.90243902 0.24390244 2.79791880 2.79754750 0.00037130
0.92682927 0.24390244 2.83986930 2.83948524 0.00038406
0.95121951 0.24390244 2.88107774 2.88068095 0.00039678
0.97560976 0.24390244 2.92146881 2.92105937 0.00040944
1.00000000 0.24390244 2.96096716 2.96054515 0.00042201
0.00000000 0.26829268 1.30772983 1.30772983 0.00000000
0.02439024 0.26829268 1.34002185 1.34001460 0.00000725
0.04878049 0.26829268 1.37309106 1.37307648 0.00001458
0.07317073 0.26829268 1.40693527 1.40691328 0.00002199
0.09756098 0.26829268 1.44155072 1.44152123 0.00002949
0.12195122 0.26829268 1.47693197 1.47689491 0.00003706
0.14634146 0.26829268 1.51307187 1.51302713 0.00004473
0.17073171 0.26829268 1.54996139 1.54990889 0.00005250
0.19512195 0.26829268 1.58758960 1.58752922 0.00006038
0.21951220 0.26829268 1.62594354 1.62587516 0.00006837
0.24390244 0.26829268 1.66500815 1.66493166 0.00007649
0.26829268 0.26829268 1.70476621 1.70468146 0.00008475
0.29268293 0.26829268 1.74519824 1.74510508 0.00009315
0.31707317 0.26829268 1.78628241 1.78618069 0.00010172
0.34146341 0.26829268 1.82799453 1.82788408 0.00011045
0.36585366 0.26829268 1.87030794 1.87018858 0.00011936
0.39024390 0.26829268 1.91319347 1.91306501 0.00012846
0.41463415 0.26829268 1.95661941 1.95648166 0.00013775
0.43902439 0.26829268 2.00055146 2.00040420 0.00014725
0.46341463 0.26829268 2.04495268 2.04479571 0.00015697
0.48780488 0.26829268 2.08978351 2.08961661 0.00016690
0.51219512 0.26829268 2.13500175 2.13482469 0.00017705
0.53658537 0.26829268 2.18056253 2.18037509 0.00018744
0.56097561 0.26829268 2.22641835 2.22622031 0.00019804
0.58536585 0.26829268 2.27251913 2.27231025 0.00020888
0.60975610 0.26829268 2.31881219 2.31859225 0.00021994
0.63414634 0.26829268 2.36524235 2.36501112 0.00023123
0.65853659 0.26829268 2.41175198 2.41150924 0.00024273
0.68292683 0.26829268 2.45828105 2.45802660 0.00025445
0.70731707 0.26829268 2.50476728 2.50450092 0.00026637
0.73170732 0.26829268 2.55114622 2.55086775 0.00027847
0.75609756 0.26829268 2.59735134 2.59706058 0.00029075
0.78048780 0.26829268 2.64331422 2.64301102 0.00030320
0.80487805 0.26829268 2.68896467 2.68864889 0.00031578
0.82926829 0.26829268 2.73423091 2.73390242 0.00032849
0.85365854 0.26829268 2.77903973 2.77869843 0.00034130
0.87804878 0.26829268 2.82331671 2.82296252 0.00035419
0.90243902 0.26829268 2.86698640 2.86661928 0.00036713
0.92682927 0.26829268 2.90997256 2.90959247 0.00038009
0.95121951 0.26829268 2.95219835 2.95180531 0.00039305
0.97560976 0.26829268 2.99358664 2.99318067 0.00040597
1.00000000 0.26829268 3.03406019 3.03364136 0.00041883
0.00000000 0.29268293 1.34001784 1.34001784 0.00000000
0.02439024 0.29268293 1.37310668 1.37309972 0.00000696
0.04878049 0.29268293 1.40699190 1.40697790 0.00001400
0.07317073 0.29268293 1.44167126 1.44165013 0.00002112
0.09756098 0.29268293 1.47714090 1.47711256 0.00002834
0.12195122 0.29268293 1.51339527 1.51335962 0.00003565
0.14634146 0.29268293 1.55042701 1.55038395 0.00004306
0.17073171 0.29268293 1.58822690 1.58817632 0.00005058
0.19512195 0.29268293 1.62678372 1.62672550 0.00005821
0.21951220 0.29268293 1.66608419 1.66601821 0.00006597
0.24390244 0.29268293 1.70611289 1.70603902 0.00007387
0.26829268 0.29268293 1.74685217 1.74677025 0.00008191
0.29268293 0.29268293 1.78828205 1.78819194 0.00009011
0.31707317 0.29268293 1.83038019 1.83028171 0.00009848
0.34146341 0.29268293 1.87312178 1.87301476 0.00010703
0.36585366 0.29268293 1.91647951 1.91636376 0.00011576
0.39024390 0.29268293 1.96042350 1.96029881 0.00012469
0.41463415 0.29268293 2.00492125 2.00478742 0.00013382
0.43902439 0.29268293 2.04993759 2.04979442 0.00014317
0.46341463 0.29268293 2.09543470 2.09528196 0.00015275
0.48780488 0.29268293 2.14137204 2.14120950 0.00016255
0.51219512 0.29268293 2.18770635 2.18753377 0.00017258
0.53658537 0.29268293 2.23439166 2.23420881 0.00018285
0.56097561 0.29268293 2.28137931 2.28118595 0.00019336
0.58536585 0.29268293 2.32861797 2.32841386 0.00020411
0.60975610 0.29268293 2.37605367 2.37583857 0.00021510
0.63414634 0.29268293 2.42362986 2.42340353 0.00022633
0.65853659 0.29268293 2.47128748 2.47104969 0.00023779
0.68292683 0.29268293 2.51896505 2.51871557 0.00024948
0.70731707 0.29268293 2.56659873 2.56633735 0.00026138
0.73170732 0.29268293 2.61412248 2.61384898 0.00027350
0.75609756 0.29268293 2.66146814 2.66118232 0.00028582
0.78048780 0.29268293 2.70856559 2.70826728 0.00029831
0.80487805 0.29268293 2.75534292 2.75503195 0.00031098
0.82926829 0.29268293 2.80172658 2.80140279 0.00032379
0.85365854 0.29268293 2.84764155 2.84730482 0.00033673
0.87804878 0.29268293 2.89301157 2.89266180 0.00034977
0.90243902 0.29268293 2.93775934 2.93739645 0.00036289
0.92682927 0.29268293 2.98180671 2.98143065 0.00037606
0.95121951 0.29268293 3.02507499 3.02468573 0.00038926
0.97560976 0.29268293 3.06748512 3.06708266 0.00040245
1.00000000 0.29268293 3.10895794 3.10854233 0.00041561
0.00000000 0.31707317 1.37310304 1.37310304 0.00000000
0.02439024 0.31707317 1.40700838 1.40700171 0.00000667
0.04878049 0.31707317 1.44172977 1.44171635 0.00001342
0.07317073 0.31707317 1.47726491 1.47724465 0.00002026
0.09756098 0.31707317 1.51360985 1.51358265 0.00002720
0.12195122 0.31707317 1.55075889 1.55072465 0.00003424
0.14634146 0.31707317 1.58870451 1.58866312 0.00004139
0.17073171 0.31707317 1.62743724 1.62738858 0.00004866
0.19512195 0.31707317 1.66694560 1.66688955 0.00005605
0.21951220 0.31707317 1.70721598 1.70715240 0.00006357
0.24390244 0.31707317 1.74823257 1.74816133 0.00007125
0.26829268 0.31707317 1.78997729 1.78989822 0.00007907
0.29268293 0.31707317 1.83242967 1.83234261 0.00008706
0.31707317 0.31707317 1.87556681 1.87547158 0.00009522
0.34146341 0.31707317 1.91936329 1.91925971 0.00010358
0.36585366 0.31707317 1.96379113 1.96367901 0.00011212
0.39024390 0.31707317 2.00881970 2.00869883 0.00012088
0.41463415 0.31707317 2.05441571 2.05428586 0.00012984
0.43902439 0.31707317 2.10054312 2.10040409 0.00013904
0.46341463 0.31707317 2.14716318 2.14701472 0.00014846
0.48780488 0.31707317 2.19423433 2.19407621 0.00015812
0.51219512 0.31707317 2.24171226 2.24154424 0.00016803
0.53658537 0.31707317 2.28954987 2.28937169 0.00017818
0.56097561 0.31707317 2.33769729 2.33750870 0.00018858
0.58536585 0.31707317 2.38610192 2.38590267 0.00019924
0.60975610 0.31707317 2.43470846 2.43449830 0.00021016
0.63414634 0.31707317 2.48345897 2.48323765 0.00022132
0.65853659 0.31707317 2.53229294 2.53206020 0.00023274
0.68292683 0.31707317 2.58114735 2.58090296 0.00024440
0.70731707 0.31707317 2.62995681 2.62970052 0.00025629
0.73170732 0.31707317 2.67865364 2.67838522 0.00026842
0.75609756 0.31707317 2.72716800 2.72688723 0.00028077
0.78048780 0.31707317 2.77542804 2.77513472 0.00029332
0.80487805 0.31707317 2.82336008 2.82305401 0.00030606
0.82926829 0.31707317 2.87088874 2.87056976 0.00031898
0.85365854 0.31707317 2.91793717 2.91760512 0.00033205
0.87804878 0.31707317 2.96442722 2.96408197 0.00034525
0.90243902 0.31707317 3.01027967 3.00992112 0.00035856
0.92682927 0.31707317 3.05541448 3.05504253 0.00037195
0.95121951 0.31707317 3.09975098 3.09936558 0.00038540
0.97560976 0.31707317 3.14320817 3.14280930 0.00039887
1.00000000 0.31707317 3.18570495 3.18529261 0.00041234
0.00000000 0.34146341 1.40700512 1.40700512 0.00000000
0.02439024 0.34146341 1.44174713 1.44174075 0.00000638
0.04878049 0.34146341 1.47732535 1.47731250 0.00001285
0.07317073 0.34146341 1.51373740 1.51371799 0.00001941
0.09756098 0.34146341 1.55097925 1.55095318 0.00002607
0.12195122 0.34146341 1.58904507 1.58901222 0.00003284
0.14634146 0.34146341 1.62792713 1.62788740 0.00003973
0.17073171 0.34146341 1.66761574 1.66756900 0.00004674
0.19512195 0.34146341 1.70809914 1.70804525 0.00005389
0.21951220 0.34146341 1.74936337 1.74930220 0.00006117
0.24390244 0.34146341 1.79139225 1.79132364 0.00006861
0.26829268 0.34146341 1.83416723 1.83409102 0.00007621
0.29268293 0.34146341 1.87766735 1.87758336 0.00008398
0.31707317 0.34146341 1.92186914 1.92177720 0.00009194
0.34146341 0.34146341 1.96674656 1.96664647 0.00010009
0.36585366 0.34146341 2.01227092 2.01216247 0.00010845
0.39024390 0.34146341 2.05841086 2.05829384 0.00011702
0.41463415 0.34146341 2.10513224 2.10500643 0.00012581
0.43902439 0.34146341 2.15239815 2.15226331 0.00013484
0.46341463 0.34146341 2.20016887 2.20002477 0.00014410
0.48780488 0.34146341 2.24840183 2.24824822 0.00015362
0.51219512 0.34146341 2.29705162 2.29688823 0.00016339
0.53658537 0.34146341 2.34606997 2.34589655 0.00017342
0.56097561 0.34146341 2.39540578 2.39522207 0.00018371
0.58536585 0.34146341 2.44500517 2.44481090 0.00019427
0.60975610 0.34146341 2.49481146 2.49460636 0.00020510
0.63414634 0.34146341 2.54476528 2.54454908 0.00021620
0.65853659 0.34146341 2.59480463 2.59457707 0.00022756
0.68292683 0.34146341 2.64486495 2.64462576 0.00023919
0.70731707 0.34146341 2.69487921 2.69462814 0.00025108
0.73170732 0.34146341 2.74477808 2.74451487 0.00026321
0.75609756 0.34146341 2.79448999 2.79421440 0.00027559
0.78048780 0.34146341 2.84394132 2.84365313 0.00028819
0.80487805 0.34146341 2.89305657 2.89275555 0.00030102
0.82926829 0.34146341 2.94175851 2.94144447 0.00031404
0.85365854 0.34146341 2.98996838 2.98964114 0.00032724
0.87804878 0.34146341 3.03760611 3.03726550 0.00034060
0.90243902 0.34146341 3.08459053 3.08423643 0.00035411
0.92682927 0.34146341 3.13083962 3.13047189 0.00036772
0.95121951 0.34146341 3.17627071 3.17588929 0.00038143
0.97560976 0.34146341 3.22080082 3.22040563 0.00039518
1.00000000 0.34146341 3.26434683 3.26393786 0.00040897
0.00000000 0.36585366 1.44174424 1.44174424 0.00000000
0.02439024 0.36585366 1.47734360 1.47733750 0.00000609
0.04878049 0.36585366 1.51379980 1.51378752 0.00001228
0.07317073 0.36585366 1.55111043 1.55109187 0.00001856
0.09756098 0.36585366 1.58927135 1.58924640 0.00002495
0.12195122 0.36585366 1.62827657 1.62824512 0.00003145
0.14634146 0.36585366 1.66811820 1.66808013 0.00003807
0.17073171 0.36585366 1.70878630 1.70874148 0.00004483
0.19512195 0.36585366 1.75026881 1.75021709 0.00005172
0.21951220 0.36585366 1.79255144 1.79249268 0.00005876
0.24390244 0.36585366 1.83561759 1.83555163 0.00006596
0.26829268 0.36585366 1.87944828 1.87937494 0.00007333
0.29268293 0.36585366 1.92402201 1.92394112 0.00008088
0.31707317 0.36585366 1.96931473 1.96922611 0.00008863
0.34146341 0.36585366 2.01529977 2.01520320 0.00009657
0.36585366 0.36585366 2.06194773 2.06184301 0.00010473
0.39024390 0.36585366 2.10922646 2.10911336 0.00011311
0.41463415 0.36585366 2.15710100 2.15697928 0.00012172
0.43902439 0.36585366 2.20553352 2.20540295 0.00013057
0.46341463 0.36585366 2.25448331 2.25434364 0.00013967
0.48780488 0.36585366 2.30390676 2.30375773 0.00014903
0.51219512 0.36585366 2.35375734 2.35359868 0.00015866
0.53658537 0.36585366 2.40398557 2.40381702 0.00016856
0.56097561 0.36585366 2.45453912 2.45436039 0.00017873
0.58536585 0.36585366 2.50536276 2.50517357 0.00018919
0.60975610 0.36585366 2.55639841 2.55619848 0.00019993
0.63414634 0.36585366 2.60758525 2.60737430 0.00021095
0.65853659 0.36585366 2.65885974 2.65863749 0.00022226
0.68292683 0.36585366 2.71015573 2.70992188 0.00023385
0.70731707 0.36585366 2.76140454 2.76115883 0.00024571
0.73170732 0.36585366 2.81253512 2.81227727 0.00025785
0.75609756 0.36585366 2.86347414 2.86320388 0.00027026
0.78048780 0.36585366 2.91414617 2.91386326 0.00028291
0.80487805 0.36585366 2.96447384 2.96417803 0.00029581
0.82926829 0.36585366 3.01437802 3.01406908 0.00030894
0.85365854 0.36585366 3.06377801 3.06345573 0.00032228
0.87804878 0.36585366 3.11259176 3.11225595 0.00033581
0.90243902 0.36585366 3.16073609 3.16038659 0.00034950
0.92682927 0.36585366 3.20812696 3.20776362 0.00036335
0.95121951 0.36585366 3.25467968 3.25430237 0.00037731
0.97560976 0.36585366 3.30030919 3.29991783 0.00039136
1.00000000 0.36585366 3.34493035 3.34452488 0.00040547
0.00000000 0.39024390 1.47734108 1.47734108 0.00000000
0.02439024 0.39024390 1.51381895 1.51381314 0.00000581
0.04878049 0.39024390 1.55117482 1.55116312 0.00001171
0.07317073 0.39024390 1.58940622 1.58938851 0.00001771
0.09756098 0.39024390 1.62850890 1.62848508 0.00002382
0.12195122 0.39024390 1.66847674 1.66844669 0.00003005
0.14634146 0.39024390 1.70930164 1.70926523 0.00003641
0.17073171 0.39024390 1.75097341 1.75093051 0.00004290
0.19512195 0.39024390 1.79347970 1.79343016 0.00004954
0.21951220 0.39024390 1.83680587 1.83674953 0.00005634
0.24390244 0.39024390 1.88093492 1.88087162 0.00006330
0.26829268 0.39024390 1.92584737 1.92577693 0.00007043
0.29268293 0.39024390 1.97152121 1.97144346 0.00007776
0.31707317 0.39024390 2.01793181 2.01784653 0.00008528
0.34146341 0.39024390 2.06505182 2.06495881 0.00009301
0.36585366 0.39024390 2.11285111 2.11275015 0.00010096
0.39024390 0.39024390 2.16129676 2.16118762 0.00010914
0.41463415 0.39024390 2.21035292 2.21023536 0.00011756
0.43902439 0.39024390 2.25998084 2.25985461 0.00012623
0.46341463 0.39024390 2.31013881 2.31000365 0.00013516
0.48780488 0.39024390 2.36078214 2.36063778 0.00014436
0.51219512 0.39024390 2.41186314 2.41170931 0.00015383
0.53658537 0.39024390 2.46333113 2.46316754 0.00016359
0.56097561 0.39024390 2.51513248 2.51495884 0.00017364
0.58536585 0.39024390 2.56721058 2.56702660 0.00018398
0.60975610 0.39024390 2.61950594 2.61931133 0.00019462
0.63414634 0.39024390 2.67195624 2.67175068 0.00020556
0.65853659 0.39024390 2.72449636 2.72427956 0.00021680
0.68292683 0.39024390 2.77705852 2.77683018 0.00022834
0.70731707 0.39024390 2.82957235 2.82933217 0.00024018
0.73170732 0.39024390 2.88196505 2.88171273 0.00025232
0.75609756 0.39024390 2.93416147 2.93389673 0.00026474
0.78048780 0.39024390 2.98608434 2.98580689 0.00027745
0.80487805 0.39024390 3.03765436 3.03736394 0.00029042
0.82926829 0.39024390 3.08879046 3.08848681 0.00030365
0.85365854 0.39024390 3.13940994 3.13909282 0.00031712
0.87804878 0.39024390 3.18942874 3.18909792 0.00033082
0.90243902 0.39024390 3.23876162 3.23841691 0.00034471
0.92682927 0.39024390 3.28732247 3.28696368 0.00035879
0.95121951 0.39024390 3.33502450 3.33465149 0.00037301
0.97560976 0.39024390 3.38178056 3.38139319 0.00038737
1.00000000 0.39024390 3.42750340 3.42710159 0.00040181
0.00000000 0.41463415 1.51381680 1.51381680 0.00000000
0.02439024 0.41463415 1.55119489 1.55118937 0.00000552
0.04878049 0.41463415 1.58947265 1.58946152 0.00001114
0.07317073 0.41463415 1.62864756 1.62863070 0.00001686
0.09756098 0.41463415 1.66871527 1.66869257 0.00002269
0.12195122 0.41463415 1.70966949 1.70964084 0.00002865
0.14634146 0.41463415 1.75150193 1.75146719 0.00003474
0.17073171 0.41463415 1.79420217 1.79416119 0.00004097
0.19512195 0.41463415 1.83775752 1.83771016 0.00004736
0.21951220 0.41463415 1.88215300 1.88209910 0.00005390
0.24390244 0.41463415 1.92737118 1.92731056 0.00006061
0.26829268 0.41463415 1.97339211 1.97332460 0.00006751
0.29268293 0.41463415 2.02019323 2.02011863 0.00007460
0.31707317 0.41463415 2.06774930 2.06766740 0.00008189
0.34146341 0.41463415 2.11603229 2.11594289 0.00008940
0.36585366 0.41463415 2.16501134 2.16491421 0.00009714
0.39024390 0.41463415 2.21465271 2.21454760 0.00010511
0.41463415 0.41463415 2.26491966 2.26480633 0.00011333
0.43902439 0.41463415 2.31577250 2.31565069 0.00012181
0.46341463 0.41463415 2.36716848 2.36703792 0.00013056
0.48780488 0.41463415 2.41906180 2.41892221 0.00013958
0.51219512 0.41463415 2.47140359 2.47125470 0.00014890
0.53658537 0.41463415 2.52414195 2.52398344 0.00015850
0.56097561 0.41463415 2.57722189 2.57705347 0.00016841
0.58536585 0.41463415 2.63058542 2.63040679 0.00017863
0.60975610 0.41463415 2.68417160 2.68398244 0.00018916
0.63414634 0.41463415 2.73791653 2.73771653 0.00020001
0.65853659 0.41463415 2.79175352 2.79154235 0.00021117
0.68292683 0.41463415 2.84561311 2.84539044 0.00022266
0.70731707 0.41463415 2.89942318 2.89918871 0.00023447
0.73170732 0.41463415 2.95310915 2.95286256 0.00024659
0.75609756 0.41463415 3.00659402 3.00633499 0.00025903
0.78048780 0.41463415 3.05979860 3.05952682 0.00027178
0.80487805 0.41463415 3.11264164 3.11235682 0.00028482
0.82926829 0.41463415 3.16504006 3.16474191 0.00029815
0.85365854 0.41463415 3.21690915 3.21659739 0.00031175
0.87804878 0.41463415 3.26816274 3.26783713 0.00032561
0.90243902 0.41463415 3.31871351 3.31837381 0.00033970
0.92682927 0.41463415 3.36847322 3.36811921 0.00035401
0.95121951 0.41463415 3.41735293 3.41698443 0.00036851
0.97560976 0.41463415 3.46526336 3.46488019 0.00038316
1.00000000 0.41463415 3.51211508 3.51171714 0.00039794
0.00000000 0.43902439 1.55119312 1.55119312 0.00000000
0.02439024 0.43902439 1.58949365 1.58948842 0.00000523
0.04878049 0.43902439 1.62871608 1.62870551 0.00001057
0.07317073 0.43902439 1.66885780 1.66884179 0.00001601
0.09756098 0.43902439 1.70991436 1.70989279 0.00002156
0.12195122 0.43902439 1.75187932 1.75185207 0.00002725
0.14634146 0.43902439 1.79474419 1.79471112 0.00003307
0.17073171 0.43902439 1.83849828 1.83845924 0.00003904
0.19512195 0.43902439 1.88312860 1.88308345 0.00004516
0.21951220 0.43902439 1.92861979 1.92856835 0.00005144
0.24390244 0.43902439 1.97495400 1.97489609 0.00005791
0.26829268 0.43902439 2.02211077 2.02204622 0.00006456
0.29268293 0.43902439 2.07006701 2.06999560 0.00007141
0.31707317 0.43902439 2.11879682 2.11871836 0.00007847
0.34146341 0.43902439 2.16827151 2.16818577 0.00008575
0.36585366 0.43902439 2.21845946 2.21836620 0.00009326
0.39024390 0.43902439 2.26932606 2.26922504 0.00010102
0.41463415 0.43902439 2.32083370 2.32072467 0.00010903
0.43902439 0.43902439 2.37294169 2.37282438 0.00011731
0.46341463 0.43902439 2.42560623 2.42548037 0.00012587
0.48780488 0.43902439 2.47878040 2.47864569 0.00013471
0.51219512 0.43902439 2.53241412 2.53227027 0.00014385
0.53658537 0.43902439 2.58645419 2.58630089 0.00015329
0.56097561 0.43902439 2.64084428 2.64068123 0.00016305
0.58536585 0.43902439 2.69552498 2.69535185 0.00017313
0.60975610 0.43902439 2.75043383 2.75025028 0.00018354
0.63414634 0.43902439 2.80550536 2.80531107 0.00019429
0.65853659 0.43902439 2.86067123 2.86046586 0.00020537
0.68292683 0.43902439 2.91586026 2.91564347 0.00021679
0.70731707 0.43902439 2.97099858 2.97077003 0.00022855
0.73170732 0.43902439 3.02600974 3.02576908 0.00024065
0.75609756 0.43902439 3.08081485 3.08056176 0.00025310
0.78048780 0.43902439 3.13533277 3.13506690 0.00026587
0.80487805 0.43902439 3.18948026 3.18920128 0.00027898
0.82926829 0.43902439 3.24317217 3.24287977 0.00029240
0.85365854 0.43902439 3.29632169 3.29601557 0.00030613
0.87804878 0.43902439 3.34884056 3.34852041 0.00032015
0.90243902 0.43902439 3.40063929 3.40030485 0.00033444
0.92682927 0.43902439 3.45162745 3.45127847 0.00034898
0.95121951 0.43902439 3.50171392 3.50135018 0.00036375
0.97560976 0.43902439 3.55080721 3.55042850 0.00037871
1.00000000 0.43902439 3.59881569 3.59842185 0.00039384
0.00000000 0.46341463 1.58949226 1.58949226 0.00000000
0.02439024 0.46341463 1.62873802 1.62873308 0.00000495
0.04878049 0.46341463 1.66892844 1.66891844 0.00000999
0.07317073 0.46341463 1.71006084 1.71004569 0.00001515
0.09756098 0.46341463 1.75213068 1.75211025 0.00002043
0.12195122 0.46341463 1.79513135 1.79510551 0.00002584
0.14634146 0.46341463 1.83905415 1.83902276 0.00003139
0.17073171 0.46341463 1.88388811 1.88385102 0.00003709
0.19512195 0.46341463 1.92961994 1.92957700 0.00004294
0.21951220 0.46341463 1.97623390 1.97618493 0.00004897
0.24390244 0.46341463 2.02371169 2.02365651 0.00005518
0.26829268 0.46341463 2.07203236 2.07197078 0.00006158
0.29268293 0.46341463 2.12117222 2.12110404 0.00006818
0.31707317 0.46341463 2.17110477 2.17102977 0.00007500
0.34146341 0.46341463 2.22180058 2.22171853 0.00008205
0.36585366 0.46341463 2.27322725 2.27313792 0.00008933
0.39024390 0.46341463 2.32534934 2.32525248 0.00009686
0.41463415 0.46341463 2.37812829 2.37802364 0.00010466
0.43902439 0.46341463 2.43152242 2.43140970 0.00011272
0.46341463 0.46341463 2.48548684 2.48536577 0.00012108
0.48780488 0.46341463 2.53997347 2.53984375 0.00012972
0.51219512 0.46341463 2.59493100 2.59479232 0.00013868
0.53658537 0.46341463 2.65030492 2.65015697 0.00014795
0.56097561 0.46341463 2.70603751 2.70587996 0.00015755
0.58536585 0.46341463 2.76206789 2.76190041 0.00016748
0.60975610 0.46341463 2.81833204 2.81815429 0.00017775
0.63414634 0.46341463 2.87476292 2.87457454 0.00018838
0.65853659 0.46341463 2.93129046 2.93109110 0.00019936
0.68292683 0.46341463 2.98784176 2.98763106 0.00021070
0.70731707 0.46341463 3.04434110 3.04411869 0.00022240
0.73170732 0.46341463 3.10071016 3.10047568 0.00023447
0.75609756 0.46341463 3.15686810 3.15662119 0.00024691
0.78048780 0.46341463 3.21273178 3.21247207 0.00025971
0.80487805 0.46341463 3.26821590 3.26794304 0.00027286
0.82926829 0.46341463 3.32323322 3.32294686 0.00028637
0.85365854 0.46341463 3.37769480 3.37739458 0.00030022
0.87804878 0.46341463 3.43151017 3.43119578 0.00031439
0.90243902 0.46341463 3.48458766 3.48425878 0.00032888
0.92682927 0.46341463 3.53683460 3.53649095 0.00034365
0.95121951 0.46341463 3.58815762 3.58779893 0.00035869
0.97560976 0.46341463 3.63846297 3.63808900 0.00037397
1.00000000 0.46341463 3.68765677 3.68726732 0.00038946
0.00000000 0.48780488 1.62873702 1.62873702 0.00000000
0.02439024 0.48780488 1.66895135 1.66894669 0.00000466
0.04878049 0.48780488 1.71013366 1.71012424 0.00000942
0.07317073 0.48780488 1.75228122 1.75226692 0.00001429
0.09756098 0.48780488 1.79538935 1.79537006 0.00001929
0.12195122 0.48780488 1.83945130 1.83942688 0.00002443
0.14634146 0.48780488 1.88445815 1.88442845 0.00002970
0.17073171 0.48780488 1.93039866 1.93036353 0.00003513
0.19512195 0.48780488 1.97725920 1.97721849 0.00004072
0.21951220 0.48780488 2.02502365 2.02497717 0.00004648
0.24390244 0.48780488 2.07367326 2.07362083 0.00005243
0.26829268 0.48780488 2.12318655 2.12312798 0.00005857
0.29268293 0.48780488 2.17353927 2.17347435 0.00006492
0.31707317 0.48780488 2.22470424 2.22463275 0.00007149
0.34146341 0.48780488 2.27665132 2.27657303 0.00007829
0.36585366 0.48780488 2.32934730 2.32926197 0.00008534
0.39024390 0.48780488 2.38275587 2.38266324 0.00009264
0.41463415 0.48780488 2.43683753 2.43673733 0.00010020
0.43902439 0.48780488 2.49154954 2.49144149 0.00010805
0.46341463 0.48780488 2.54684593 2.54672974 0.00011619
0.48780488 0.48780488 2.60267742 2.60255279 0.00012463
0.51219512 0.48780488 2.65899144 2.65885805 0.00013338
0.53658537 0.48780488 2.71573213 2.71558966 0.00014247
0.56097561 0.48780488 2.77284035 2.77268846 0.00015189
0.58536585 0.48780488 2.83025371 2.83009206 0.00016166
0.60975610 0.48780488 2.88790663 2.88773485 0.00017178
0.63414634 0.48780488 2.94573040 2.94554812 0.00018227
0.65853659 0.48780488 3.00365323 3.00346009 0.00019314
0.68292683 0.48780488 3.06160040 3.06139602 0.00020438
0.70731707 0.48780488 3.11949436 3.11927835 0.00021601
0.73170732 0.48780488 3.17725483 3.17702680 0.00022803
0.75609756 0.48780488 3.23479899 3.23455854 0.00024044
0.78048780 0.48780488 3.29204164 3.29178839 0.00025325
0.80487805 0.48780488 3.34889538 3.34862894 0.00026644
0.82926829 0.48780488 3.40527083 3.40499081 0.00028002
0.85365854 0.48780488 3.46107684 3.46078286 0.00029398
0.87804878 0.48780488 3.51622072 3.51591241 0.00030831
0.90243902 0.48780488 3.57060853 3.57028555 0.00032298
0.92682927 0.48780488 3.62414532 3.62380733 0.00033799
0.95121951 0.48780488 3.67673542 3.67638211 0.00035330
0.97560976 0.48780488 3.72828275 3.72791385 0.00036890
1.00000000 0.48780488 3.77869114 3.77830638 0.00038475
0.00000000 0.51219512 1.66895073 1.66895073 0.00000000
0.02439024 0.51219512 1.71015755 1.71015318 0.00000437
0.04878049 0.51219512 1.75235625 1.75234741 0.00000884
0.07317073 0.51219512 1.79554404 1.79553060 0.00001344
0.09756098 0.51219512 1.83971611 1.83969796 0.00001815
0.12195122 0.51219512 1.88486555 1.88484255 0.00002301
0.14634146 0.51219512 1.93098321 1.93095521 0.00002800
0.17073171 0.51219512 1.97805759 1.97802443 0.00003316
0.19512195 0.51219512 2.02607472 2.02603624 0.00003848
0.21951220 0.51219512 2.07501807 2.07497410 0.00004397
0.24390244 0.51219512 2.12486843 2.12481877 0.00004965
0.26829268 0.51219512 2.17560380 2.17554826 0.00005554
0.29268293 0.51219512 2.22719932 2.22713769 0.00006163
0.31707317 0.51219512 2.27962714 2.27955920 0.00006794
0.34146341 0.51219512 2.33285638 2.33278189 0.00007449
0.36585366 0.51219512 2.38685301 2.38677172 0.00008129
0.39024390 0.51219512 2.44157982 2.44149148 0.00008834
0.41463415 0.51219512 2.49699633 2.49690066 0.00009567
0.43902439 0.51219512 2.55305876 2.55295548 0.00010328
0.46341463 0.51219512 2.60972000 2.60960880 0.00011119
0.48780488 0.51219512 2.66692954 2.66681013 0.00011941
0.51219512 0.51219512 2.72463353 2.72450558 0.00012796
0.53658537 0.51219512 2.78277473 2.78263789 0.00013684
0.56097561 0.51219512 2.84129254 2.84114647 0.00014607
0.58536585 0.51219512 2.90012302 2.89996737 0.00015565
0.60975610 0.51219512 2.95919898 2.95903337 0.00016561
0.63414634 0.51219512 3.01845001 3.01827406 0.00017595
0.65853659 0.51219512 3.07780256 3.07761588 0.00018668
0.68292683 0.51219512 3.13718006 3.13698225 0.00019781
0.70731707 0.51219512 3.19650305 3.19629370 0.00020935
0.73170732 0.51219512 3.25568927 3.25546797 0.00022130
0.75609756 0.51219512 3.31465385 3.31442018 0.00023368
0.78048780 0.51219512 3.37330951 3.37306304 0.00024647
0.80487805 0.51219512 3.43156667 3.43130699 0.00025969
0.82926829 0.51219512 3.48933377 3.48906044 0.00027333
0.85365854 0.51219512 3.54651738 3.54623000 0.00028738
0.87804878 0.51219512 3.60302256 3.60272071 0.00030185
0.90243902 0.51219512 3.65875303 3.65843632 0.00031671
0.92682927 0.51219512 3.71361150 3.71327956 0.00033194
0.95121951 0.51219512 3.76749996 3.76715243 0.00034753
0.97560976 0.51219512 3.82031994 3.81995649 0.00036345
1.00000000 0.51219512 3.87197289 3.87159322 0.00037967
0.00000000 0.53658537 1.71015732 1.71015732 0.00000000
0.02439024 0.53658537 1.75238115 1.75237707 0.00000408
0.04878049 0.53658537 1.79562134 1.79561308 0.00000827
0.07317073 0.53658537 1.83987504 1.83986247 0.00001257
0.09756098 0.53658537 1.88513733 1.88512032 0.00001701
0.12195122 0.53658537 1.93140111 1.93137953 0.00002158
0.14634146 0.53658537 1.97865702 1.97863072 0.00002630
0.17073171 0.53658537 2.02689327 2.02686209 0.00003118
0.19512195 0.53658537 2.07609554 2.07605932 0.00003622
0.21951220 0.53658537 2.12624690 2.12620546 0.00004145
0.24390244 0.53658537 2.17732766 2.17728080 0.00004686
0.26829268 0.53658537 2.22931528 2.22926281 0.00005247
0.29268293 0.53658537 2.28218428 2.28212598 0.00005830
0.31707317 0.53658537 2.33590613 2.33584178 0.00006435
0.34146341 0.53658537 2.39044919 2.39037855 0.00007064
0.36585366 0.53658537 2.44577858 2.44570140 0.00007718
0.39024390 0.53658537 2.50185617 2.50177219 0.00008398
0.41463415 0.53658537 2.55864049 2.55854943 0.00009106
0.43902439 0.53658537 2.61608668 2.61598825 0.00009842
0.46341463 0.53658537 2.67414645 2.67404035 0.00010609
0.48780488 0.53658537 2.73276807 2.73265399 0.00011408
0.51219512 0.53658537 2.79189634 2.79177394 0.00012240
0.53658537 0.53658537 2.85147261 2.85134155 0.00013106
0.56097561 0.53658537 2.91143479 2.91129471 0.00014007
0.58536585 0.53658537 2.97171737 2.97156791 0.00014946
0.60975610 0.53658537 3.03225149 3.03209226 0.00015923
0.63414634 0.53658537 3.09296500 3.09279560 0.00016940
0.65853659 0.53658537 3.15378256 3.15360258 0.00017998
0.68292683 0.53658537 3.21462569 3.21443472 0.00019097
0.70731707 0.53658537 3.27541297 3.27521057 0.00020240
0.73170732 0.53658537 3.33606012 3.33584586 0.00021426
0.75609756 0.53658537 3.39648018 3.39625361 0.00022657
0.78048780 0.53658537 3.45658370 3.45634436 0.00023934
0.80487805 0.53658537 3.51627892 3.51602636 0.00025256
0.82926829 0.53658537 3.57547200 3.57520575 0.00026624
0.85365854 0.53658537 3.63406722 3.63378684 0.00028038
0.87804878 0.53658537 3.69196729 3.69167231 0.00029497
0.90243902 0.53658537 3.74907356 3.74876355 0.00031001
0.92682927 0.53658537 3.80528634 3.80496088 0.00032547
0.95121951 0.53658537 3.86050520 3.86016387 0.00034133
0.97560976 0.53658537 3.91462925 3.91427167 0.00035758
1.00000000 0.53658537 3.96755749 3.96718332 0.00037418
0.00000000 0.56097561 1.75238131 1.75238131 0.00000000
0.02439024 0.56097561 1.79564726 1.79564347 0.00000379
0.04878049 0.56097561 1.83995467 1.83994698 0.00000769
0.07317073 0.56097561 1.88530060 1.88528889 0.00001171
0.09756098 0.56097561 1.93168003 1.93166416 0.00001586
0.12195122 0.56097561 1.97908568 1.97906552 0.00002015
0.14634146 0.56097561 2.02750794 2.02748335 0.00002459
0.17073171 0.56097561 2.07693475 2.07690556 0.00002919
0.19512195 0.56097561 2.12735143 2.12731747 0.00003396
0.21951220 0.56097561 2.17874063 2.17870172 0.00003891
0.24390244 0.56097561 2.23108217 2.23103812 0.00004404
0.26829268 0.56097561 2.28435296 2.28430357 0.00004938
0.29268293 0.56097561 2.33852688 2.33847194 0.00005494
0.31707317 0.56097561 2.39357471 2.39351400 0.00006072
0.34146341 0.56097561 2.44946402 2.44939728 0.00006674
0.36585366 0.56097561 2.50615907 2.50608606 0.00007301
0.39024390 0.56097561 2.56362079 2.56354124 0.00007955
0.41463415 0.56097561 2.62180669 2.62172032 0.00008636
0.43902439 0.56097561 2.68067079 2.68057732 0.00009347
0.46341463 0.56097561 2.74016362 2.74006273 0.00010089
0.48780488 0.56097561 2.80023216 2.80012354 0.00010862
0.51219512 0.56097561 2.86081987 2.86070317 0.00011669
0.53658537 0.56097561 2.92186663 2.92174152 0.00012512
0.56097561 0.56097561 2.98330883 2.98317493 0.00013391
0.58536585 0.56097561 3.04507934 3.04493627 0.00014307
0.60975610 0.56097561 3.10710761 3.10695497 0.00015264
0.63414634 0.56097561 3.16931971 3.16915709 0.00016261
0.65853659 0.56097561 3.23163841 3.23146540 0.00017301
0.68292683 0.56097561 3.29398334 3.29379949 0.00018384
0.70731707 0.56097561 3.35627104 3.35607591 0.00019513
0.73170732 0.56097561 3.41841517 3.41820829 0.00020688
0.75609756 0.56097561 3.48032662 3.48010751 0.00021911
0.78048780 0.56097561 3.54191374 3.54168192 0.00023182
0.80487805 0.56097561 3.60308250 3.60283747 0.00024503
0.82926829 0.56097561 3.66373674 3.66347801 0.00025873
0.85365854 0.56097561 3.72377840 3.72350547 0.00027293
0.87804878 0.56097561 3.78310778 3.78282014 0.00028764
0.90243902 0.56097561 3.84162380 3.84132097 0.00030283
0.92682927 0.56097561 3.89922432 3.89890581 0.00031851
0.95121951 0.56097561 3.95580642 3.95547177 0.00033464
0.97560976 0.56097561 4.01126672 4.01091550 0.00035122
1.00000000 0.56097561 4.06550174 4.06513354 0.00036820
0.00000000 0.58536585 1.79564781 1.79564781 0.00000000
0.02439024 0.58536585 1.83998162 1.83997812 0.00000350
0.04878049 0.58536585 1.88538260 1.88537549 0.00000711
0.07317073 0.58536585 1.93184774 1.93183690 0.00001085
0.09756098 0.58536585 1.97937190 1.97935718 0.00001471
0.12195122 0.58536585 2.02794761 2.02792889 0.00001872
0.14634146 0.58536585 2.07756504 2.07754216 0.00002288
0.17073171 0.58536585 2.12821180 2.12818460 0.00002720
0.19512195 0.58536585 2.17987288 2.17984119 0.00003169
0.21951220 0.58536585 2.23253048 2.23249413 0.00003635
0.24390244 0.58536585 2.28616393 2.28612272 0.00004121
0.26829268 0.58536585 2.34074958 2.34070330 0.00004628
0.29268293 0.58536585 2.39626065 2.39620909 0.00005155
0.31707317 0.58536585 2.45266719 2.45261014 0.00005705
0.34146341 0.58536585 2.50993598 2.50987319 0.00006280
0.36585366 0.58536585 2.56803041 2.56796162 0.00006879
0.39024390 0.58536585 2.62691043 2.62683538 0.00007505
0.41463415 0.58536585 2.68653250 2.68645091 0.00008159
0.43902439 0.58536585 2.74684952 2.74676109 0.00008843
0.46341463 0.58536585 2.80781078 2.80771520 0.00009557
0.48780488 0.58536585 2.86936197 2.86925892 0.00010304
0.51219512 0.58536585 2.93144513 2.93133428 0.00011085
0.53658537 0.58536585 2.99399868 2.99387966 0.00011902
0.56097561 0.58536585 3.05695743 3.05682987 0.00012756
0.58536585 0.58536585 3.12025259 3.12011611 0.00013648
0.60975610 0.58536585 3.18381188 3.18366606 0.00014581
0.63414634 0.58536585 3.24755953 3.24740396 0.00015557
0.65853659 0.58536585 3.31141643 3.31125067 0.00016576
0.68292683 0.58536585 3.37530020 3.37512380 0.00017641
0.70731707 0.58536585 3.43912535 3.43893782 0.00018753
0.73170732 0.58536585 3.50280340 3.50260426 0.00019914
0.75609756 0.58536585 3.56624303 3.56603178 0.00021125
0.78048780 0.58536585 3.62935035 3.62912647 0.00022388
0.80487805 0.58536585 3.69202900 3.69179196 0.00023704
0.82926829 0.58536585 3.75418046 3.75392972 0.00025075
0.85365854 0.58536585 3.81570425 3.81543926 0.00026499
0.87804878 0.58536585 3.87649821 3.87621842 0.00027979
0.90243902 0.58536585 3.93645877 3.93616364 0.00029513
0.92682927 0.58536585 3.99548127 3.99517026 0.00031101
0.95121951 0.58536585 4.05346025 4.05313284 0.00032741
0.97560976 0.58536585 4.11028980 4.10994548 0.00034431
1.00000000 0.58536585 4.16586386 4.16550217 0.00036169
0.00000000 0.60975610 1.83998257 1.83998257 0.00000000
0.02439024 0.60975610 1.88541061 1.88540740 0.00000321
0.04878049 0.60975610 1.93193217 1.93192563 0.00000653
0.07317073 0.60975610 1.97954417 1.97953418 0.00000999
0.09756098 0.60975610 2.02824131 2.02822775 0.00001357
0.12195122 0.60975610 2.07801599 2.07799869 0.00001729
0.14634146 0.60975610 2.12885809 2.12883692 0.00002117
0.17073171 0.60975610 2.18075494 2.18072973 0.00002521
0.19512195 0.60975610 2.23369114 2.23366173 0.00002941
0.21951220 0.60975610 2.28764847 2.28761467 0.00003380
0.24390244 0.60975610 2.34260573 2.34256736 0.00003837
0.26829268 0.60975610 2.39853869 2.39849554 0.00004315
0.29268293 0.60975610 2.45541992 2.45537178 0.00004814
0.31707317 0.60975610 2.51321873 2.51316538 0.00005336
0.34146341 0.60975610 2.57190107 2.57184226 0.00005881
0.36585366 0.60975610 2.63142942 2.63136490 0.00006452
0.39024390 0.60975610 2.69176275 2.69169226 0.00007049
0.41463415 0.60975610 2.75285645 2.75277970 0.00007675
0.43902439 0.60975610 2.81466224 2.81457895 0.00008330
0.46341463 0.60975610 2.87712818 2.87703803 0.00009016
0.48780488 0.60975610 2.94019861 2.94010127 0.00009734
0.51219512 0.60975610 3.00381414 3.00370927 0.00010487
0.53658537 0.60975610 3.06791166 3.06779891 0.00011276
0.56097561 0.60975610 3.13242439 3.13230336 0.00012102
0.58536585 0.60975610 3.19728183 3.19715215 0.00012968
0.60975610 0.60975610 3.26240991 3.26227116 0.00013876
0.63414634 0.60975610 3.32773101 3.32758275 0.00014826
0.65853659 0.60975610 3.39316406 3.39300584 0.00015822
0.68292683 0.60975610 3.45862466 3.45845600 0.00016865
0.70731707 0.60975610 3.52402518 3.52384561 0.00017957
0.73170732 0.60975610 3.58927498 3.58908397 0.00019101
0.75609756 0.60975610 3.65428051 3.65407753 0.00020298
0.78048780 0.60975610 3.71894552 3.71873003 0.00021549
0.80487805 0.60975610 3.78317132 3.78294274 0.00022858
0.82926829 0.60975610 3.84685693 3.84661469 0.00024224
0.85365854 0.60975610 3.90989941 3.90964291 0.00025650
0.87804878 0.60975610 3.97219408 3.97192271 0.00027137
0.90243902 0.60975610 4.03363483 4.03334799 0.00028684
0.92682927 0.60975610 4.09411440 4.09381149 0.00030291
0.95121951 0.60975610 4.15352474 4.15320517 0.00031957
0.97560976 0.60975610 4.21175732 4.21142052 0.00033680
1.00000000 0.60975610 4.26870349 4.26834892 0.00035457
0.00000000 0.63414634 1.88541196 1.88541196 0.00000000
0.02439024 0.63414634 1.93196125 1.93195833 0.00000292
0.04878049 0.63414634 1.97963107 1.97962510 0.00000596
0.07317073 0.63414634 2.02841824 2.02840911 0.00000913
0.09756098 0.63414634 2.07831736 2.07830493 0.00001243
0.12195122 0.63414634 2.12932060 2.12930473 0.00001587
0.14634146 0.63414634 2.18141762 2.18139816 0.00001946
0.17073171 0.63414634 2.23459542 2.23457221 0.00002321
0.19512195 0.63414634 2.28883824 2.28881111 0.00002713
0.21951220 0.63414634 2.34412738 2.34409615 0.00003123
0.24390244 0.63414634 2.40044115 2.40040563 0.00003552
0.26829268 0.63414634 2.45775469 2.45771468 0.00004001
0.29268293 0.63414634 2.51603991 2.51599520 0.00004471
0.31707317 0.63414634 2.57526536 2.57521573 0.00004963
0.34146341 0.63414634 2.63539614 2.63534135 0.00005480
0.36585366 0.63414634 2.69639382 2.69633361 0.00006021
0.39024390 0.63414634 2.75821634 2.75815046 0.00006588
0.41463415 0.63414634 2.82081800 2.82074616 0.00007183
0.43902439 0.63414634 2.88414932 2.88407124 0.00007808
0.46341463 0.63414634 2.94815707 2.94807244 0.00008464
0.48780488 0.63414634 3.01278424 3.01269272 0.00009152
0.51219512 0.63414634 3.07796995 3.07787121 0.00009875
0.53658537 0.63414634 3.14364956 3.14354323 0.00010633
0.56097561 0.63414634 3.20975461 3.20964031 0.00011430
0.58536585 0.63414634 3.27621288 3.27609021 0.00012267
0.60975610 0.63414634 3.34294847 3.34281702 0.00013146
0.63414634 0.63414634 3.40988185 3.40974116 0.00014068
0.65853659 0.63414634 3.47692993 3.47677956 0.00015038
0.68292683 0.63414634 3.54400625 3.54384569 0.00016056
0.70731707 0.63414634 3.61102102 3.61084978 0.00017124
0.73170732 0.63414634 3.67788135 3.67769888 0.00018247
0.75609756 0.63414634 3.74449139 3.74429714 0.00019425
0.78048780 0.63414634 3.81075253 3.81054592 0.00020661
0.80487805 0.63414634 3.87656363 3.87634405 0.00021958
0.82926829 0.63414634 3.94182124 3.94158806 0.00023318
0.85365854 0.63414634 4.00641987 4.00617246 0.00024742
0.87804878 0.63414634 4.07025228 4.06998996 0.00026232
0.90243902 0.63414634 4.13320972 4.13293183 0.00027789
0.92682927 0.63414634 4.19518232 4.19488818 0.00029413
0.95121951 0.63414634 4.25605934 4.25574830 0.00031104
0.97560976 0.63414634 4.31572959 4.31540100 0.00032860
1.00000000 0.63414634 4.37408174 4.37373496 0.00034677
0.00000000 0.65853659 1.93196300 1.93196300 0.00000000
0.02439024 0.65853659 1.97966125 1.97965861 0.00000264
0.04878049 0.65853659 2.02850767 2.02850228 0.00000539
0.07317073 0.65853659 2.07849905 2.07849078 0.00000827
0.09756098 0.65853659 2.12962982 2.12961853 0.00001129
0.12195122 0.65853659 2.18189197 2.18187751 0.00001445
0.14634146 0.65853659 2.23527490 2.23525713 0.00001776
0.17073171 0.65853659 2.28976529 2.28974406 0.00002123
0.19512195 0.65853659 2.34534699 2.34532212 0.00002486
0.21951220 0.65853659 2.40200084 2.40197216 0.00002867
0.24390244 0.65853659 2.45970460 2.45967193 0.00003267
0.26829268 0.65853659 2.51843282 2.51839595 0.00003687
0.29268293 0.65853659 2.57815670 2.57811542 0.00004127
0.31707317 0.65853659 2.63884401 2.63879811 0.00004589
0.34146341 0.65853659 2.70045899 2.70040824 0.00005075
0.36585366 0.65853659 2.76296226 2.76290641 0.00005585
0.39024390 0.65853659 2.82631074 2.82624953 0.00006122
0.41463415 0.65853659 2.89045758 2.89039072 0.00006686
0.43902439 0.65853659 2.95535209 2.95527930 0.00007279
0.46341463 0.65853659 3.02093972 3.02086070 0.00007902
0.48780488 0.65853659 3.08716204 3.08707646 0.00008558
0.51219512 0.65853659 3.15395670 3.15386421 0.00009249
0.53658537 0.65853659 3.22125743 3.22115768 0.00009975
0.56097561 0.65853659 3.28899410 3.28888671 0.00010739
0.58536585 0.65853659 3.35709271 3.35697727 0.00011544
0.60975610 0.65853659 3.42547548 3.42535157 0.00012391
0.63414634 0.65853659 3.49406091 3.49392808 0.00013283
0.65853659 0.65853659 3.56276388 3.56262166 0.00014222
0.68292683 0.65853659 3.63149577 3.63134367 0.00015210
0.70731707 0.65853659 3.70016460 3.70000209 0.00016252
0.73170732 0.65853659 3.76867519 3.76850171 0.00017349
0.75609756 0.65853659 3.83692932 3.83674428 0.00018504
0.78048780 0.65853659 3.90482595 3.90462875 0.00019720
0.80487805 0.65853659 3.97226146 3.97205144 0.00021001
0.82926829 0.65853659 4.03912984 4.03890634 0.00022350
0.85365854 0.65853659 4.10532301 4.10508533 0.00023768
0.87804878 0.65853659 4.17073107 4.17047849 0.00025258
0.90243902 0.65853659 4.23524263 4.23497441 0.00026822
0.92682927 0.65853659 4.29874508 4.29846047 0.00028461
0.95121951 0.65853659 4.36112498 4.36082323 0.00030175
0.97560976 0.65853659 4.42226839 4.42194876 0.00031962
1.00000000 0.65853659 4.48206121 4.48172300 0.00033821
0.00000000 0.68292683 1.97966340 1.97966340 0.00000000
0.02439024 0.68292683 2.02853897 2.02853662 0.00000235
0.04878049 0.68292683 2.07859107 2.07858625 0.00000483
0.07317073 0.68292683 2.12981639 2.12980896 0.00000743
0.09756098 0.68292683 2.18220923 2.18219906 0.00001017
0.12195122 0.68292683 2.23576138 2.23574833 0.00001305
0.14634146 0.68292683 2.29046197 2.29044590 0.00001607
0.17073171 0.68292683 2.34629738 2.34627812 0.00001926
0.19512195 0.68292683 2.40325101 2.40322841 0.00002261
0.21951220 0.68292683 2.46130327 2.46127714 0.00002613
0.24390244 0.68292683 2.52043135 2.52040152 0.00002983
0.26829268 0.68292683 2.58060917 2.58057545 0.00003373
0.29268293 0.68292683 2.64180723 2.64176940 0.00003783
0.31707317 0.68292683 2.70399250 2.70395035 0.00004215
0.34146341 0.68292683 2.76712833 2.76708164 0.00004669
0.36585366 0.68292683 2.83117437 2.83112290 0.00005148
0.39024390 0.68292683 2.89608648 2.89602996 0.00005652
0.41463415 0.68292683 2.96181664 2.96175481 0.00006183
0.43902439 0.68292683 3.02831292 3.02824549 0.00006743
0.46341463 0.68292683 3.09551943 3.09544611 0.00007332
0.48780488 0.68292683 3.16337629 3.16329674 0.00007954
0.51219512 0.68292683 3.23181959 3.23173350 0.00008610
0.53658537 0.68292683 3.30078146 3.30068845 0.00009301
0.56097561 0.68292683 3.37019002 3.37008971 0.00010031
0.58536585 0.68292683 3.43996944 3.43986144 0.00010800
0.60975610 0.68292683 3.51004002 3.50992391 0.00011612
0.63414634 0.68292683 3.58031827 3.58019358 0.00012469
0.65853659 0.68292683 3.65071695 3.65058321 0.00013373
0.68292683 0.68292683 3.72114526 3.72100197 0.00014329
0.70731707 0.68292683 3.79150896 3.79135558 0.00015338
0.73170732 0.68292683 3.86171051 3.86154646 0.00016405
0.75609756 0.68292683 3.93164927 3.93147395 0.00017532
0.78048780 0.68292683 4.00122173 4.00103450 0.00018724
0.80487805 0.68292683 4.07032170 4.07012186 0.00019983
0.82926829 0.68292683 4.13884057 4.13862742 0.00021315
0.85365854 0.68292683 4.20666759 4.20644038 0.00022722
0.87804878 0.68292683 4.27369018 4.27344810 0.00024208
0.90243902 0.68292683 4.33979418 4.33953643 0.00025775
0.92682927 0.68292683 4.40486422 4.40458997 0.00027425
0.95121951 0.68292683 4.46878408 4.46849248 0.00029160
0.97560976 0.68292683 4.53143699 4.53112720 0.00030979
1.00000000 0.68292683 4.59270606 4.59237727 0.00032879
0.00000000 0.70731707 2.02854152 2.02854152 0.00000000
0.02439024 0.70731707 2.07862350 2.07862143 0.00000207
0.04878049 0.70731707 2.12991106 2.12990679 0.00000427
0.07317073 0.70731707 2.18240080 2.18239420 0.00000660
0.09756098 0.70731707 2.23608687 2.23607782 0.00000906
0.12195122 0.70731707 2.29096088 2.29094922 0.00001166
0.14634146 0.70731707 2.34701169 2.34699728 0.00001441
0.17073171 0.70731707 2.40422531 2.40420800 0.00001731
0.19512195 0.70731707 2.46258477 2.46256440 0.00002037
0.21951220 0.70731707 2.52206997 2.52204637 0.00002360
0.24390244 0.70731707 2.58265754 2.58263054 0.00002701
0.26829268 0.70731707 2.64432076 2.64429016 0.00003060
0.29268293 0.70731707 2.70702940 2.70699500 0.00003440
0.31707317 0.70731707 2.77074960 2.77071121 0.00003840
0.34146341 0.70731707 2.83544384 2.83540121 0.00004262
0.36585366 0.70731707 2.90107074 2.90102366 0.00004708
0.39024390 0.70731707 2.96758507 2.96753329 0.00005179
0.41463415 0.70731707 3.03493765 3.03488089 0.00005676
0.43902439 0.70731707 3.10307524 3.10301324 0.00006200
0.46341463 0.70731707 3.17194059 3.17187304 0.00006755
0.48780488 0.70731707 3.24147232 3.24139892 0.00007340
0.51219512 0.70731707 3.31160497 3.31152538 0.00007959
0.53658537 0.70731707 3.38226897 3.38218284 0.00008613
0.56097561 0.70731707 3.45339067 3.45329763 0.00009304
0.58536585 0.70731707 3.52489238 3.52479203 0.00010035
0.60975610 0.70731707 3.59669243 3.59658435 0.00010808
0.63414634 0.70731707 3.66870525 3.66858898 0.00011626
0.65853659 0.70731707 3.74084147 3.74071655 0.00012492
0.68292683 0.70731707 3.81300805 3.81287395 0.00013410
0.70731707 0.70731707 3.88510842 3.88496460 0.00014382
0.73170732 0.70731707 3.95704263 3.95688850 0.00015413
0.75609756 0.70731707 4.02870758 4.02854251 0.00016506
0.78048780 0.70731707 4.09999718 4.09982051 0.00017667
0.80487805 0.70731707 4.17080265 4.17061366 0.00018899
0.82926829 0.70731707 4.24101270 4.24081062 0.00020208
0.85365854 0.70731707 4.31051387 4.31029789 0.00021598
0.87804878 0.70731707 4.37919078 4.37896005 0.00023073
0.90243902 0.70731707 4.44692649 4.44668010 0.00024638
0.92682927 0.70731707 4.51360279 4.51333982 0.00026296
0.95121951 0.70731707 4.57910058 4.57882009 0.00028049
0.97560976 0.70731707 4.64330025 4.64300127 0.00029898
1.00000000 0.70731707 4.70608201 4.70576361 0.00031840
0.00000000 0.73170732 2.07862645 2.07862645 0.00000000
0.02439024 0.73170732 2.12994464 2.12994284 0.00000180
0.04878049 0.73170732 2.18249817 2.18249444 0.00000373
0.07317073 0.73170732 2.23628355 2.23627777 0.00000578
0.09756098 0.73170732 2.29129481 2.29128684 0.00000797
0.12195122 0.73170732 2.34752333 2.34751303 0.00001030
0.14634146 0.73170732 2.40495769 2.40494492 0.00001277
0.17073171 0.73170732 2.46358357 2.46356818 0.00001539
0.19512195 0.73170732 2.52338357 2.52336541 0.00001816
0.21951220 0.73170732 2.58433709 2.58431599 0.00002110
0.24390244 0.73170732 2.64642020 2.64639599 0.00002421
0.26829268 0.73170732 2.70960550 2.70957800 0.00002750
0.29268293 0.73170732 2.77386201 2.77383103 0.00003098
0.31707317 0.73170732 2.83915506 2.83912040 0.00003466
0.34146341 0.73170732 2.90544617 2.90540761 0.00003856
0.36585366 0.73170732 2.97269296 2.97265028 0.00004268
0.39024390 0.73170732 3.04084908 3.04080204 0.00004704
0.41463415 0.73170732 3.10986412 3.10981246 0.00005166
0.43902439 0.73170732 3.17968354 3.17962700 0.00005654
0.46341463 0.73170732 3.25024867 3.25018696 0.00006171
0.48780488 0.73170732 3.32149662 3.32142944 0.00006718
0.51219512 0.73170732 3.39336031 3.39328734 0.00007297
0.53658537 0.73170732 3.46576844 3.46568934 0.00007911
0.56097561 0.73170732 3.53864556 3.53855996 0.00008561
0.58536585 0.73170732 3.61191206 3.61181956 0.00009250
0.60975610 0.73170732 3.68548425 3.68538444 0.00009981
0.63414634 0.73170732 3.75927444 3.75916688 0.00010756
0.65853659 0.73170732 3.83319107 3.83307528 0.00011579
0.68292683 0.73170732 3.90713879 3.90701427 0.00012453
0.70731707 0.73170732 3.98101866 3.98088484 0.00013382
0.73170732 0.73170732 4.05472826 4.05458455 0.00014371
0.75609756 0.73170732 4.12816195 4.12800771 0.00015424
0.78048780 0.73170732 4.20121104 4.20104557 0.00016547
0.80487805 0.73170732 4.27376405 4.27358660 0.00017745
0.82926829 0.73170732 4.34570697 4.34551674 0.00019023
0.85365854 0.73170732 4.41692354 4.41671966 0.00020388
0.87804878 0.73170732 4.48729556 4.48707709 0.00021847
0.90243902 0.73170732 4.55670320 4.55646916 0.00023403
0.92682927 0.73170732 4.62502536 4.62477472 0.00025064
0.95121951 0.73170732 4.69214001 4.69187170 0.00026831
0.97560976 0.73170732 4.75792460 4.75763753 0.00028707
1.00000000 0.73170732 4.82225639 4.82194948 0.00030691
0.00000000 0.75609756 2.12994799 2.12994799 0.00000000
0.02439024 0.75609756 2.18253291 2.18253138 0.00000153
0.04878049 0.75609756 2.23638368 2.23638049 0.00000320
0.07317073 0.75609756 2.29149672 2.29149173 0.00000499
0.09756098 0.75609756 2.34786590 2.34785899 0.00000691
0.12195122 0.75609756 2.40548237 2.40547341 0.00000897
0.14634146 0.75609756 2.46433446 2.46432330 0.00001116
0.17073171 0.75609756 2.52440748 2.52439398 0.00001351
0.19512195 0.75609756 2.58568360 2.58566760 0.00001600
0.21951220 0.75609756 2.64814171 2.64812306 0.00001864
0.24390244 0.75609756 2.71175728 2.71173582 0.00002145
0.26829268 0.75609756 2.77650224 2.77647780 0.00002444
0.29268293 0.75609756 2.84234485 2.84231725 0.00002760
0.31707317 0.75609756 2.90924958 2.90921862 0.00003096
0.34146341 0.75609756 2.97717699 2.97714247 0.00003452
0.36585366 0.75609756 3.04608366 3.04604537 0.00003829
0.39024390 0.75609756 3.11592210 3.11587980 0.00004230
0.41463415 0.75609756 3.18664064 3.18659410 0.00004654
0.43902439 0.75609756 3.25818341 3.25813237 0.00005104
0.46341463 0.75609756 3.33049028 3.33043446 0.00005582
0.48780488 0.75609756 3.40349681 3.40343593 0.00006088
0.51219512 0.75609756 3.47713426 3.47706800 0.00006626
0.53658537 0.75609756 3.55132958 3.55125762 0.00007196
0.56097561 0.75609756 3.62600545 3.62592742 0.00007802
0.58536585 0.75609756 3.70108028 3.70099582 0.00008446
0.60975610 0.75609756 3.77646832 3.77637702 0.00009130
0.63414634 0.75609756 3.85207974 3.85198116 0.00009858
0.65853659 0.75609756 3.92782069 3.92771437 0.00010632
0.68292683 0.75609756 4.00359349 4.00347891 0.00011458
0.70731707 0.75609756 4.07929674 4.07917336 0.00012338
0.73170732 0.75609756 4.15482551 4.15469272 0.00013279
0.75609756 0.75609756 4.23007155 4.22992871 0.00014284
0.78048780 0.75609756 4.30492349 4.30476989 0.00015361
0.80487805 0.75609756 4.37926712 4.37910197 0.00016515
0.82926829 0.75609756 4.45298561 4.45280807 0.00017755
0.85365854 0.75609756 4.52595986 4.52576899 0.00019087
0.87804878 0.75609756 4.59806875 4.59786356 0.00020519
0.90243902 0.75609756 4.66918952 4.66896893 0.00022059
0.92682927 0.75609756 4.73919811 4.73896096 0.00023715
0.95121951 0.75609756 4.80796949 4.80771457 0.00025491
0.97560976 0.75609756 4.87537808 4.87510416 0.00027392
1.00000000 0.75609756 4.94129816 4.94100398 0.00029418
0.00000000 0.78048780 2.18253666 2.18253666 0.00000000
0.02439024 0.78048780 2.23641962 2.23641834 0.00000128
0.04878049 0.78048780 2.29159967 2.29159699 0.00000268
0.07317073 0.78048780 2.34807315 2.34806894 0.00000422
0.09756098 0.78048780 2.40583379 2.40582790 0.00000588
0.12195122 0.78048780 2.46487251 2.46486483 0.00000768
0.14634146 0.78048780 2.52517734 2.52516773 0.00000961
0.17073171 0.78048780 2.58673324 2.58672156 0.00001167
0.19512195 0.78048780 2.64952192 2.64950804 0.00001388
0.21951220 0.78048780 2.71352178 2.71350554 0.00001624
0.24390244 0.78048780 2.77870766 2.77868890 0.00001875
0.26829268 0.78048780 2.84505080 2.84502937 0.00002143
0.29268293 0.78048780 2.91251867 2.91249440 0.00002427
0.31707317 0.78048780 2.98107487 2.98104757 0.00002730
0.34146341 0.78048780 3.05067898 3.05064847 0.00003052
0.36585366 0.78048780 3.12128652 3.12125259 0.00003394
0.39024390 0.78048780 3.19284881 3.19281124 0.00003757
0.41463415 0.78048780 3.26531292 3.26527149 0.00004143
0.43902439 0.78048780 3.33862158 3.33857605 0.00004554
0.46341463 0.78048780 3.41271319 3.41266329 0.00004990
0.48780488 0.78048780 3.48752171 3.48746717 0.00005454
0.51219512 0.78048780 3.56297670 3.56291723 0.00005947
0.53658537 0.78048780 3.63900331 3.63893859 0.00006472
0.56097561 0.78048780 3.71552230 3.71545200 0.00007030
0.58536585 0.78048780 3.79245009 3.79237384 0.00007625
0.60975610 0.78048780 3.86969880 3.86961622 0.00008258
0.63414634 0.78048780 3.94717637 3.94708703 0.00008934
0.65853659 0.78048780 4.02478665 4.02469010 0.00009655
0.68292683 0.78048780 4.10242954 4.10232528 0.00010426
0.70731707 0.78048780 4.18000114 4.17988863 0.00011250
0.73170732 0.78048780 4.25739393 4.25727258 0.00012135
0.75609756 0.78048780 4.33449700 4.33436615 0.00013084
0.78048780 0.78048780 4.41119623 4.41105517 0.00014106
0.80487805 0.78048780 4.48737459 4.48722251 0.00015208
0.82926829 0.78048780 4.56291240 4.56274843 0.00016397
0.85365854 0.78048780 4.63768761 4.63751076 0.00017685
0.87804878 0.78048780 4.71157616 4.71138536 0.00019080
0.90243902 0.78048780 4.78445226 4.78424633 0.00020594
0.92682927 0.78048780 4.85618882 4.85596647 0.00022236
0.95121951 0.78048780 4.92665776 4.92641762 0.00024014
0.97560976 0.78048780 4.99573042 4.99547106 0.00025935
1.00000000 0.78048780 5.06327798 5.06299796 0.00028002
0.00000000 0.80487805 2.23642375 2.23642375 0.00000000
0.02439024 0.80487805 2.29163681 2.29163577 0.00000103
0.04878049 0.80487805 2.34817898 2.34817679 0.00000219
0.07317073 0.80487805 2.40604652 2.40604304 0.00000348
0.09756098 0.80487805 2.46523298 2.46522808 0.00000489
0.12195122 0.80487805 2.52572907 2.52572264 0.00000643
0.14634146 0.80487805 2.58752253 2.58751443 0.00000810
0.17073171 0.80487805 2.65059793 2.65058803 0.00000990
0.19512195 0.80487805 2.71493654 2.71492471 0.00001183
0.21951220 0.80487805 2.78051621 2.78050231 0.00001390
0.24390244 0.80487805 2.84731118 2.84729506 0.00001612
0.26829268 0.80487805 2.91529197 2.91527348 0.00001848
0.29268293 0.80487805 2.98442524 2.98440423 0.00002101
0.31707317 0.80487805 3.05467369 3.05464999 0.00002370
0.34146341 0.80487805 3.12599591 3.12596934 0.00002657
0.36585366 0.80487805 3.19834631 3.19831669 0.00002962
0.39024390 0.80487805 3.27167501 3.27164213 0.00003288
0.41463415 0.80487805 3.34592778 3.34589143 0.00003635
0.43902439 0.80487805 3.42104593 3.42100589 0.00004004
0.46341463 0.80487805 3.49696632 3.49692235 0.00004397
0.48780488 0.80487805 3.57362131 3.57357315 0.00004817
0.51219512 0.80487805 3.65093871 3.65088608 0.00005263
0.53658537 0.80487805 3.72884181 3.72878442 0.00005739
0.56097561 0.80487805 3.80724942 3.80718695 0.00006247
0.58536585 0.80487805 3.88607589 3.88600800 0.00006788
0.60975610 0.80487805 3.96523117 3.96515750 0.00007367
0.63414634 0.80487805 4.04462093 4.04454108 0.00007985
0.65853659 0.80487805 4.12414665 4.12406018 0.00008647
0.68292683 0.80487805 4.20370575 4.20361218 0.00009357
0.70731707 0.80487805 4.28319177 4.28309058 0.00010119
0.73170732 0.80487805 4.36249454 4.36238515 0.00010940
0.75609756 0.80487805 4.44150041 4.44138217 0.00011824
0.78048780 0.80487805 4.52009245 4.51996464 0.00012781
0.80487805 0.80487805 4.59815075 4.59801257 0.00013818
0.82926829 0.80487805 4.67555269 4.67540323 0.00014946
0.85365854 0.80487805 4.75217322 4.75201146 0.00016176
0.87804878 0.80487805 4.82788523 4.82771002 0.00017521
0.90243902 0.80487805 4.90255988 4.90236994 0.00018994
0.92682927 0.80487805 4.97606695 4.97586086 0.00020610
0.95121951 0.80487805 5.04827526 5.04805145 0.00022381
0.97560976 0.80487805 5.11905300 5.11880984 0.00024317
1.00000000 0.80487805 5.18826821 5.18800398 0.00026423
0.00000000 0.82926829 2.29164132 2.29164132 0.00000000
0.02439024 0.82926829 2.34821733 2.34821653 0.00000080
0.04878049 0.82926829 2.40615528 2.40615355 0.00000173
0.07317073 0.82926829 2.46545131 2.46544853 0.00000278
0.09756098 0.82926829 2.52609881 2.52609486 0.00000396
0.12195122 0.82926829 2.58808828 2.58808303 0.00000525
0.14634146 0.82926829 2.65140713 2.65140047 0.00000667
0.17073171 0.82926829 2.71603957 2.71603136 0.00000821
0.19512195 0.82926829 2.78196639 2.78195653 0.00000987
0.21951220 0.82926829 2.84916490 2.84915324 0.00001165
0.24390244 0.82926829 2.91760869 2.91759512 0.00001357
0.26829268 0.82926829 2.98726756 2.98725193 0.00001563
0.29268293 0.82926829 3.05810736 3.05808953 0.00001783
0.31707317 0.82926829 3.13008984 3.13006966 0.00002018
0.34146341 0.82926829 3.20317259 3.20314990 0.00002270
0.36585366 0.82926829 3.27730889 3.27728351 0.00002538
0.39024390 0.82926829 3.35244762 3.35241937 0.00002825
0.41463415 0.82926829 3.42853320 3.42850188 0.00003131
0.43902439 0.82926829 3.50550551 3.50547093 0.00003458
0.46341463 0.82926829 3.58329985 3.58326178 0.00003807
0.48780488 0.82926829 3.66184688 3.66180509 0.00004179
0.51219512 0.82926829 3.74107265 3.74102689 0.00004576
0.53658537 0.82926829 3.82089856 3.82084855 0.00005001
0.56097561 0.82926829 3.90124140 3.90118685 0.00005454
0.58536585 0.82926829 3.98201340 3.98195400 0.00005939
0.60975610 0.82926829 4.06312230 4.06305771 0.00006459
0.63414634 0.82926829 4.14447143 4.14440128 0.00007015
0.65853659 0.82926829 4.22595984 4.22588372 0.00007613
0.68292683 0.82926829 4.30748242 4.30739987 0.00008255
0.70731707 0.82926829 4.38893006 4.38884059 0.00008947
0.73170732 0.82926829 4.47018990 4.47009296 0.00009694
0.75609756 0.82926829 4.55114546 4.55104042 0.00010504
0.78048780 0.82926829 4.63167695 4.63156311 0.00011384
0.80487805 0.82926829 4.71166149 4.71153805 0.00012344
0.82926829 0.82926829 4.79097345 4.79083949 0.00013396
0.85365854 0.82926829 4.86948471 4.86933919 0.00014553
0.87804878 0.82926829 4.94706506 4.94690676 0.00015830
0.90243902 0.82926829 5.02358249 5.02341003 0.00017246
0.92682927 0.82926829 5.09890364 5.09871545 0.00018819
0.95121951 0.82926829 5.17289413 5.17268844 0.00020568
0.97560976 0.82926829 5.24541896 5.24519386 0.00022510
1.00000000 0.82926829 5.31634295 5.31609642 0.00024653
0.00000000 0.85365854 2.34822221 2.34822221 0.00000000
0.02439024 0.85365854 2.40619486 2.40619428 0.00000058
0.04878049 0.85365854 2.46556307 2.46556177 0.00000130
0.07317073 0.85365854 2.52632288 2.52632075 0.00000213
0.09756098 0.85365854 2.58846752 2.58846444 0.00000308
0.12195122 0.85365854 2.65198725 2.65198311 0.00000414
0.14634146 0.85365854 2.71686918 2.71686386 0.00000532
0.17073171 0.85365854 2.78309710 2.78309050 0.00000660
0.19512195 0.85365854 2.85065136 2.85064336 0.00000800
0.21951220 0.85365854 2.91950868 2.91949918 0.00000950
0.24390244 0.85365854 2.98964202 2.98963089 0.00001113
0.26829268 0.85365854 3.06102042 3.06100754 0.00001288
0.29268293 0.85365854 3.13360888 3.13359412 0.00001476
0.31707317 0.85365854 3.20736822 3.20735145 0.00001677
0.34146341 0.85365854 3.28225498 3.28223605 0.00001893
0.36585366 0.85365854 3.35822126 3.35820003 0.00002124
0.39024390 0.85365854 3.43521471 3.43519100 0.00002371
0.41463415 0.85365854 3.51317836 3.51315200 0.00002635
0.43902439 0.85365854 3.59205060 3.59202142 0.00002918
0.46341463 0.85365854 3.67176514 3.67173294 0.00003220
0.48780488 0.85365854 3.75225093 3.75221550 0.00003544
0.51219512 0.85365854 3.83343218 3.83339329 0.00003890
0.53658537 0.85365854 3.91522836 3.91518575 0.00004260
0.56097561 0.85365854 3.99755419 3.99750762 0.00004657
0.58536585 0.85365854 4.08031974 4.08026892 0.00005081
0.60975610 0.85365854 4.16343047 4.16337509 0.00005537
0.63414634 0.85365854 4.24678731 4.24672704 0.00006027
0.65853659 0.85365854 4.33028683 4.33022129 0.00006554
0.68292683 0.85365854 4.41382130 4.41375008 0.00007122
0.70731707 0.85365854 4.49727895 4.49720159 0.00007736
0.73170732 0.85365854 4.58054410 4.58046008 0.00008402
0.75609756 0.85365854 4.66349741 4.66340615 0.00009126
0.78048780 0.85365854 4.74601612 4.74591695 0.00009917
0.80487805 0.85365854 4.82797434 4.82786648 0.00010786
0.82926829 0.85365854 4.90924333 4.90912589 0.00011745
0.85365854 0.85365854 4.98969184 4.98956375 0.00012809
0.87804878 0.85365854 5.06918645 5.06904647 0.00013998
0.90243902 0.85365854 5.14759196 5.14743863 0.00015334
0.92682927 0.85365854 5.22477176 5.22460334 0.00016842
0.95121951 0.85365854 5.30058823 5.30040274 0.00018549
0.97560976 0.85365854 5.37490315 5.37469832 0.00020483
1.00000000 0.85365854 5.44757806 5.44735147 0.00022659
0.00000000 0.87804878 2.40620010 2.40620010 0.00000000
0.02439024 0.87804878 2.46560389 2.46560350 0.00000039
0.04878049 0.87804878 2.52643769 2.52643679 0.00000090
0.07317073 0.87804878 2.58869744 2.58869591 0.00000154
0.09756098 0.87804878 2.65237621 2.65237393 0.00000228
0.12195122 0.87804878 2.71746401 2.71746089 0.00000312
0.14634146 0.87804878 2.78394762 2.78394355 0.00000407
0.17073171 0.87804878 2.85181044 2.85180533 0.00000511
0.19512195 0.87804878 2.92103233 2.92102609 0.00000624
0.21951220 0.87804878 2.99158944 2.99158196 0.00000748
0.24390244 0.87804878 3.06345405 3.06344523 0.00000882
0.26829268 0.87804878 3.13659444 3.13658418 0.00001026
0.29268293 0.87804878 3.21097475 3.21096293 0.00001182
0.31707317 0.87804878 3.28655483 3.28654134 0.00001349
0.34146341 0.87804878 3.36329013 3.36327485 0.00001529
0.36585366 0.87804878 3.44113160 3.44111438 0.00001721
0.39024390 0.87804878 3.52002555 3.52000627 0.00001928
0.41463415 0.87804878 3.59991364 3.59989214 0.00002150
0.43902439 0.87804878 3.68073273 3.68070886 0.00002387
0.46341463 0.87804878 3.76241488 3.76238846 0.00002642
0.48780488 0.87804878 3.84488729 3.84485814 0.00002915
0.51219512 0.87804878 3.92807229 3.92804022 0.00003207
0.53658537 0.87804878 4.01188736 4.01185216 0.00003521
0.56097561 0.87804878 4.09624513 4.09620656 0.00003857
0.58536585 0.87804878 4.18105343 4.18101125 0.00004218
0.60975610 0.87804878 4.26621538 4.26616932 0.00004606
0.63414634 0.87804878 4.35162948 4.35157924 0.00005024
0.65853659 0.87804878 4.43718972 4.43713497 0.00005475
0.68292683 0.87804878 4.52278572 4.52272610 0.00005962
0.70731707 0.87804878 4.60830294 4.60823803 0.00006491
0.73170732 0.87804878 4.69362284 4.69355219 0.00007065
0.75609756 0.87804878 4.77862314 4.77854620 0.00007693
0.78048780 0.87804878 4.86317803 4.86309421 0.00008383
0.80487805 0.87804878 4.94715853 4.94706708 0.00009144
0.82926829 0.87804878 5.03043270 5.03033279 0.00009992
0.85365854 0.87804878 5.11286609 5.11275667 0.00010942
0.87804878 0.87804878 5.19432199 5.19420183 0.00012016
0.90243902 0.87804878 5.27466192 5.27452950 0.00013242
0.92682927 0.87804878 5.35374596 5.35359942 0.00014654
0.95121951 0.87804878 5.43143322 5.43127031 0.00016291
0.97560976 0.87804878 5.50758220 5.50740026 0.00018194
1.00000000 0.87804878 5.58205118 5.58184722 0.00020395
0.00000000 0.90243902 2.46560946 2.46560946 0.00000000
0.02439024 0.90243902 2.52647976 2.52647955 0.00000022
0.04878049 0.90243902 2.58881537 2.58881481 0.00000056
0.07317073 0.90243902 2.65261213 2.65261112 0.00000101
0.09756098 0.90243902 2.71786293 2.71786136 0.00000157
0.12195122 0.90243902 2.78455752 2.78455532 0.00000221
0.14634146 0.90243902 2.85268238 2.85267945 0.00000293
0.17073171 0.90243902 2.92222048 2.92221675 0.00000374
0.19512195 0.90243902 2.99315119 2.99314657 0.00000463
0.21951220 0.90243902 3.06545007 3.06544447 0.00000560
0.24390244 0.90243902 3.13908871 3.13908206 0.00000665
0.26829268 0.90243902 3.21403461 3.21402682 0.00000779
0.29268293 0.90243902 3.29025102 3.29024199 0.00000903
0.31707317 0.90243902 3.36769680 3.36768644 0.00001036
0.34146341 0.90243902 3.44632630 3.44631450 0.00001180
0.36585366 0.90243902 3.52608925 3.52607591 0.00001334
0.39024390 0.90243902 3.60693064 3.60691565 0.00001500
0.41463415 0.90243902 3.68879069 3.68877391 0.00001678
0.43902439 0.90243902 3.77160469 3.77158600 0.00001869
0.46341463 0.90243902 3.85530303 3.85528228 0.00002075
0.48780488 0.90243902 3.93981110 3.93978815 0.00002295
0.51219512 0.90243902 4.02504932 4.02502400 0.00002532
0.53658537 0.90243902 4.11093313 4.11090526 0.00002787
0.56097561 0.90243902 4.19737299 4.19734239 0.00003060
0.58536585 0.90243902 4.28427445 4.28424091 0.00003354
0.60975610 0.90243902 4.37153826 4.37150155 0.00003671
0.63414634 0.90243902 4.45906037 4.45902025 0.00004013
0.65853659 0.90243902 4.54673217 4.54668836 0.00004382
0.68292683 0.90243902 4.63444056 4.63439274 0.00004782
0.70731707 0.90243902 4.72206815 4.72201598 0.00005217
0.73170732 0.90243902 4.80949346 4.80943655 0.00005691
0.75609756 0.90243902 4.89659120 4.89652908 0.00006212
0.78048780 0.90243902 4.98323244 4.98316458 0.00006786
0.80487805 0.90243902 5.06928500 5.06921076 0.00007424
0.82926829 0.90243902 5.15461370 5.15453230 0.00008140
0.85365854 0.90243902 5.23908074 5.23899124 0.00008950
0.87804878 0.90243902 5.32254608 5.32244729 0.00009879
0.90243902 0.90243902 5.40486784 5.40475826 0.00010959
0.92682927 0.90243902 5.48590274 5.48578043 0.00012231
0.95121951 0.90243902 5.56550654 5.56536902 0.00013752
0.97560976 0.90243902 5.64353449 5.64337863 0.00015586
1.00000000 0.90243902 5.71984167 5.71966370 0.00017798
0.00000000 0.92682927 2.52648566 2.52648566 0.00000000
0.02439024 0.92682927 2.58885871 2.58885863 0.00000008
0.04878049 0.92682927 2.65273324 2.65273296 0.00000028
0.07317073 0.92682927 2.71810498 2.71810440 0.00000058
0.09756098 0.92682927 2.78496664 2.78496568 0.00000096
0.12195122 0.92682927 2.85330773 2.85330632 0.00000141
0.14634146 0.92682927 2.92311438 2.92311244 0.00000193
0.17073171 0.92682927 2.99436914 2.99436662 0.00000252
0.19512195 0.92682927 3.06705088 3.06704771 0.00000317
0.21951220 0.92682927 3.14113454 3.14113066 0.00000388
0.24390244 0.92682927 3.21659103 3.21658637 0.00000466
0.26829268 0.92682927 3.29338703 3.29338152 0.00000551
0.29268293 0.92682927 3.37148488 3.37147846 0.00000642
0.31707317 0.92682927 3.45084243 3.45083502 0.00000742
0.34146341 0.92682927 3.53141291 3.53140442 0.00000849
0.36585366 0.92682927 3.61314479 3.61313514 0.00000965
0.39024390 0.92682927 3.69598171 3.69597082 0.00001089
0.41463415 0.92682927 3.77986241 3.77985018 0.00001223
0.43902439 0.92682927 3.86472058 3.86470691 0.00001367
0.46341463 0.92682927 3.95048488 3.95046966 0.00001523
0.48780488 0.92682927 4.03707888 4.03706198 0.00001690
0.51219512 0.92682927 4.12442102 4.12440232 0.00001869
0.53658537 0.92682927 4.21242463 4.21240400 0.00002062
0.56097561 0.92682927 4.30099797 4.30097527 0.00002270
0.58536585 0.92682927 4.39004427 4.39001933 0.00002494
0.60975610 0.92682927 4.47946180 4.47943444 0.00002736
0.63414634 0.92682927 4.56914396 4.56911399 0.00002997
0.65853659 0.92682927 4.65897943 4.65894663 0.00003280
0.68292683 0.92682927 4.74885232 4.74881645 0.00003587
0.70731707 0.92682927 4.83864233 4.83860311 0.00003921
0.73170732 0.92682927 4.92822498 4.92818211 0.00004287
0.75609756 0.92682927 5.01747186 5.01742496 0.00004690
0.78048780 0.92682927 5.10625087 5.10619951 0.00005136
0.80487805 0.92682927 5.19442652 5.19437017 0.00005635
0.82926829 0.92682927 5.28186029 5.28179832 0.00006197
0.85365854 0.92682927 5.36841097 5.36834256 0.00006841
0.87804878 0.92682927 5.45393504 5.45385915 0.00007589
0.90243902 0.92682927 5.53828713 5.53820238 0.00008475
0.92682927 0.92682927 5.62132049 5.62122500 0.00009549
0.95121951 0.92682927 5.70288749 5.70277865 0.00010884
0.97560976 0.92682927 5.78284015 5.78271432 0.00012583
1.00000000 0.92682927 5.86103056 5.86088287 0.00014769
0.00000000 0.95121951 2.58886489 2.58886489 0.00000000
0.02439024 0.95121951 2.65277784 2.65277785 0.00000002
0.04878049 0.95121951 2.71822932 2.71822925 0.00000007
0.07317073 0.95121951 2.78521496 2.78521472 0.00000024
0.09756098 0.95121951 2.85372729 2.85372682 0.00000048
0.12195122 0.95121951 2.92375555 2.92375479 0.00000076
0.14634146 0.95121951 2.99528553 2.99528444 0.00000109
0.17073171 0.95121951 3.06829936 3.06829789 0.00000147
0.19512195 0.95121951 3.14277538 3.14277349 0.00000189
0.21951220 0.95121951 3.21868791 3.21868555 0.00000236
0.24390244 0.95121951 3.29600713 3.29600427 0.00000287
0.26829268 0.95121951 3.37469893 3.37469550 0.00000342
0.29268293 0.95121951 3.45472469 3.45472066 0.00000403
0.31707317 0.95121951 3.53604123 3.53603654 0.00000469
0.34146341 0.95121951 3.61860061 3.61859521 0.00000540
0.36585366 0.95121951 3.70235004 3.70234388 0.00000617
0.39024390 0.95121951 3.78723178 3.78722478 0.00000700
0.41463415 0.95121951 3.87318302 3.87317513 0.00000789
0.43902439 0.95121951 3.96013584 3.96012698 0.00000886
0.46341463 0.95121951 4.04801712 4.04800722 0.00000990
0.48780488 0.95121951 4.13674855 4.13673753 0.00001102
0.51219512 0.95121951 4.22624654 4.22623431 0.00001223
0.53658537 0.95121951 4.31642229 4.31640876 0.00001353
0.56097561 0.95121951 4.40718179 4.40716686 0.00001493
0.58536585 0.95121951 4.49842588 4.49840943 0.00001645
0.60975610 0.95121951 4.59005029 4.59003221 0.00001808
0.63414634 0.95121951 4.68194581 4.68192596 0.00001985
0.65853659 0.95121951 4.77399835 4.77397658 0.00002177
0.68292683 0.95121951 4.86608915 4.86606529 0.00002386
0.70731707 0.95121951 4.95809493 4.95806880 0.00002613
0.73170732 0.95121951 5.04988814 5.04985951 0.00002863
0.75609756 0.95121951 5.14133717 5.14130578 0.00003138
0.78048780 0.95121951 5.23230662 5.23227218 0.00003444
0.80487805 0.95121951 5.32265767 5.32261979 0.00003788
0.82926829 0.95121951 5.41224832 5.41220655 0.00004178
0.85365854 0.95121951 5.50093385 5.50088758 0.00004627
0.87804878 0.95121951 5.58856715 5.58851558 0.00005157
0.90243902 0.95121951 5.67499922 5.67494126 0.00005796
0.92682927 0.95121951 5.76007967 5.76001371 0.00006595
0.95121951 0.95121951 5.84365731 5.84358093 0.00007638
0.97560976 0.95121951 5.92558094 5.92549023 0.00009071
1.00000000 0.95121951 6.00570014 6.00558877 0.00011138
0.00000000 0.97560976 2.65278427 2.65278427 0.00000000
0.02439024 0.97560976 2.71827520 2.71827526 0.00000005
0.04878049 0.97560976 2.78534262 2.78534265 0.00000003
0.07317073 0.97560976 2.85398204 2.85398200 0.00000004
0.09756098 0.97560976 2.92418582 2.92418567 0.00000015
0.12195122 0.97560976 2.99594293 2.99594265 0.00000028
0.14634146 0.97560976 3.06923881 3.06923837 0.00000044
0.17073171 0.97560976 3.14405516 3.14405453 0.00000062
0.19512195 0.97560976 3.22036976 3.22036894 0.00000083
0.21951220 0.97560976 3.29815633 3.29815528 0.00000105
0.24390244 0.97560976 3.37738431 3.37738300 0.00000131
0.26829268 0.97560976 3.45801871 3.45801713 0.00000158
0.29268293 0.97560976 3.54002000 3.54001812 0.00000188
0.31707317 0.97560976 3.62334391 3.62334171 0.00000220
0.34146341 0.97560976 3.70794132 3.70793876 0.00000256
0.36585366 0.97560976 3.79375813 3.79375519 0.00000294
0.39024390 0.97560976 3.88073517 3.88073181 0.00000335
0.41463415 0.97560976 3.96880808 3.96880428 0.00000380
0.43902439 0.97560976 4.05790727 4.05790299 0.00000429
0.46341463 0.97560976 4.14795781 4.14795300 0.00000481
0.48780488 0.97560976 4.23887944 4.23887407 0.00000537
0.51219512 0.97560976 4.33058651 4.33058054 0.00000598
0.53658537 0.97560976 4.42298804 4.42298141 0.00000664
0.56097561 0.97560976 4.51598768 4.51598033 0.00000734
0.58536585 0.97560976 4.60948380 4.60947569 0.00000811
0.60975610 0.97560976 4.70336959 4.70336065 0.00000894
0.63414634 0.97560976 4.79753310 4.79752326 0.00000983
0.65853659 0.97560976 4.89185744 4.89184663 0.00001081
0.68292683 0.97560976 4.98622089 4.98620902 0.00001187
0.70731707 0.97560976 5.08049713 5.08048411 0.00001303
0.73170732 0.97560976 5.17455544 5.17454114 0.00001430
0.75609756 0.97560976 5.26826093 5.26824523 0.00001570
0.78048780 0.97560976 5.36147487 5.36145760 0.00001726
0.80487805 0.97560976 5.45405493 5.45403591 0.00001902
0.82926829 0.97560976 5.54585560 5.54583457 0.00002103
0.85365854 0.97560976 5.63672850 5.63670514 0.00002335
0.87804878 0.97560976 5.72652281 5.72649670 0.00002611
0.90243902 0.97560976 5.81508573 5.81505623 0.00002950
0.92682927 0.97560976 5.90226300 5.90222914 0.00003386
0.95121951 0.97560976 5.98789950 5.98785964 0.00003986
0.97560976 0.97560976 6.07184034 6.07179128 0.00004905
1.00000000 0.97560976 6.15393290 6.15386747 0.00006543
0.00000000 1.00000000 2.71828183 2.71828183 0.00000000
0.02439024 1.00000000 2.78538979 2.78538979 0.00000000
0.04878049 1.00000000 2.85411309 2.85411309 0.00000000
0.07317073 1.00000000 2.92444716 2.92444716 0.00000000
0.09756098 1.00000000 2.99638416 2.99638416 0.00000000
0.12195122 1.00000000 3.06991283 3.06991283 0.00000000
0.14634146 1.00000000 3.14501823 3.14501823 0.00000000
0.17073171 1.00000000 3.22168161 3.22168161 0.00000000
0.19512195 1.00000000 3.29988023 3.29988023 0.00000000
0.21951220 1.00000000 3.37958712 3.37958712 0.00000000
0.24390244 1.00000000 3.46077099 3.46077099 0.00000000
0.26829268 1.00000000 3.54339599 3.54339599 0.00000000
0.29268293 1.00000000 3.62742159 3.62742159 0.00000000
0.31707317 1.00000000 3.71280244 3.71280244 0.00000000
0.34146341 1.00000000 3.79948821 3.79948821 0.00000000
0.36585366 1.00000000 3.88742345 3.88742345 0.00000000
0.39024390 1.00000000 3.97654754 3.97654754 0.00000000
0.41463415 1.00000000 4.06679453 4.06679453 0.00000000
0.43902439 1.00000000 4.15809309 4.15809309 0.00000000
0.46341463 1.00000000 4.25036646 4.25036646 0.00000000
0.48780488 1.00000000 4.34353237 4.34353237 0.00000000
0.51219512 1.00000000 4.43750308 4.43750308 0.00000000
0.53658537 1.00000000 4.53218534 4.53218534 0.00000000
0.56097561 1.00000000 4.62748043 4.62748043 0.00000000
0.58536585 1.00000000 4.72328420 4.72328420 0.00000000
0.60975610 1.00000000 4.81948718 4.81948718 0.00000000
0.63414634 1.00000000 4.91597468 4.91597468 0.00000000
0.65853659 1.00000000 5.01262690 5.01262690 0.00000000
0.68292683 1.00000000 5.10931912 5.10931912 0.00000000
0.70731707 1.00000000 5.20592187 5.20592187 0.00000000
0.73170732 1.00000000 5.30230118 5.30230118 0.00000000
0.75609756 1.00000000 5.39831883 5.39831883 0.00000000
0.78048780 1.00000000 5.49383263 5.49383263 0.00000000
0.80487805 1.00000000 5.58869670 5.58869670 0.00000000
0.82926829 1.00000000 5.68276189 5.68276189 0.00000000
0.85365854 1.00000000 5.77587606 5.77587606 0.00000000
0.87804878 1.00000000 5.86788458 5.86788458 0.00000000
0.90243902 1.00000000 5.95863066 5.95863066 0.00000000
0.92682927 1.00000000 6.04795588 6.04795588 0.00000000
0.95121951 1.00000000 6.13570060 6.13570060 0.00000000
0.97560976 1.00000000 6.22170453 6.22170453 0.00000000
1.00000000 1.00000000 6.30580719 6.30580719 0.00000000
