# x y u_computed u_exact error
0.00000000 0.00000000 1.00000000 1.00000000 0.00000000
0.09090909 0.00000000 1.09503237 1.09503237 0.00000000
0.18181818 0.00000000 1.19819719 1.19819719 0.00000000
0.27272727 0.00000000 1.30912491 1.30912491 0.00000000
0.36363636 0.00000000 1.42714388 1.42714388 0.00000000
0.45454545 0.00000000 1.55123900 1.55123900 0.00000000
0.54545455 0.00000000 1.68002174 1.68002174 0.00000000
0.63636364 0.00000000 1.81171659 1.81171659 0.00000000
0.72727273 0.00000000 1.94416944 1.94416944 0.00000000
0.81818182 0.00000000 2.07488187 2.07488187 0.00000000
0.90909091 0.00000000 2.20107409 2.20107409 0.00000000
1.00000000 0.00000000 2.31977682 2.31977682 0.00000000
0.00000000 0.09090909 1.09516944 1.09516944 0.00000000
0.09090909 0.09090909 1.25746540 1.19924599 0.05821942
0.18181818 0.09090909 1.42752003 1.31222894 0.11529109
0.27272727 0.09090909 1.60200563 1.43371360 0.16829204
0.36363636 0.09090909 1.77368469 1.56296436 0.21072033
0.45454545 0.09090909 1.93053982 1.69886955 0.23167027
0.54545455 0.09090909 2.06051073 1.83990846 0.22060226
0.63636364 0.09090909 2.17063338 1.98413664 0.18649674
0.72727273 0.09090909 2.27116289 2.12919496 0.14196793
0.81818182 0.09090909 2.36681238 2.27234721 0.09446517
0.90909091 0.09090909 2.45752351 2.41054908 0.04697444
1.00000000 0.09090909 2.54054869 2.54054869 0.00000000
0.00000000 0.18181818 1.19939610 1.19939610 0.00000000
0.09090909 0.18181818 1.43098056 1.31337755 0.11760301
0.18181818 0.18181818 1.67178611 1.43711304 0.23467307
0.27272727 0.18181818 1.91733935 1.57015932 0.34718004
0.36363636 0.18181818 2.15465523 1.71171080 0.44294442
0.45454545 0.18181818 2.35593440 1.86055001 0.49538438
0.54545455 0.18181818 2.47927797 2.01501152 0.46426645
0.63636364 0.18181818 2.55640305 2.17296581 0.38343723
0.72727273 0.18181818 2.61875297 2.33182925 0.28692372
0.81818182 0.18181818 2.67752822 2.48860522 0.18892300
0.90909091 0.18181818 2.73338532 2.63995968 0.09342564
1.00000000 0.18181818 2.78233128 2.78233128 0.00000000
0.00000000 0.27272727 1.31354196 1.31354196 0.00000000
0.09090909 0.27272727 1.61590850 1.43837096 0.17753753
0.18181818 0.27272727 1.93252253 1.57388228 0.35864025
0.27272727 0.27272727 2.26242665 1.71959050 0.54283615
0.36363636 0.27272727 2.59313410 1.87461336 0.71852074
0.45454545 0.27272727 2.88030229 2.03761752 0.84268477
0.54545455 0.27272727 2.96444767 2.20677904 0.75766863
0.63636364 0.27272727 2.97585020 2.37976575 0.59608445
0.72727273 0.27272727 2.98713011 2.55374813 0.43338197
0.81818182 0.27272727 3.00632698 2.72544439 0.28088259
0.90909091 0.27272727 3.02900067 2.89120317 0.13779751
1.00000000 0.27272727 3.04712419 3.04712419 0.00000000
0.00000000 0.36363636 1.43855101 1.43855101 0.00000000
0.09090909 0.36363636 1.80918651 1.57525992 0.23392659
0.18181818 0.36363636 2.20320621 1.72366777 0.47953844
0.27272727 0.36363636 2.63027449 1.88324296 0.74703153
0.36363636 0.36363636 3.09866734 2.05301926 1.04564808
0.45454545 0.36363636 3.63073284 2.23153643 1.39919641
0.54545455 0.36363636 3.54446507 2.41679696 1.12766811
0.63636364 0.36363636 3.41612125 2.60624673 0.80987452
0.72727273 0.36363636 3.36644073 2.79678691 0.56965381
0.81818182 0.36363636 3.34825691 2.98482340 0.36343351
0.90909091 0.36363636 3.34323082 3.16635735 0.17687347
1.00000000 0.36363636 3.33711729 3.33711729 0.00000000
0.00000000 0.45454545 1.57545710 1.57545710 0.00000000
0.09090909 0.45454545 2.00382851 1.72517652 0.27865198
0.18181818 0.45454545 2.46629015 1.88770827 0.57858188
0.27272727 0.45454545 2.98260421 2.06247014 0.92013407
0.36363636 0.45454545 3.56628094 2.24840396 1.31787698
0.63636364 0.45454545 3.80040039 2.85428177 0.94611862
0.72727273 0.45454545 3.73489908 3.06295556 0.67194352
0.81818182 0.45454545 3.69521769 3.26888737 0.42633032
0.90909091 0.45454545 3.67395155 3.46769781 0.20625374
1.00000000 0.45454545 3.65470888 3.65470888 0.00000000
0.00000000 0.54545455 1.72539247 1.72539247 0.00000000
0.09090909 0.54545455 2.19148370 1.88936061 0.30212310
0.18181818 0.54545455 2.70339247 2.06736041 0.63603206
0.27272727 0.54545455 3.29583370 2.25875427 1.03707943
0.36363636 0.54545455 3.99864528 2.46238330 1.53626198
0.63636364 0.54545455 4.20358580 3.12592217 1.07766363
0.72727273 0.54545455 4.10014665 3.35445532 0.74569133
0.81818182 0.54545455 4.04368279 3.57998555 0.46369724
0.90909091 0.54545455 4.01951784 3.79771666 0.22180118
1.00000000 0.54545455 4.00252547 4.00252547 0.00000000
0.00000000 0.63636364 1.88959711 1.88959711 0.00000000
0.09090909 0.63636364 2.36300422 2.06917000 0.29383423
0.18181818 0.63636364 2.89048555 2.26410994 0.62637561
0.27272727 0.63636364 3.52964499 2.47371865 1.05592635
0.36363636 0.63636364 4.41116437 2.69672694 1.71443743
0.45454545 0.63636364 5.95330307 2.93121673 3.02208633
0.54545455 0.63636364 5.25258813 3.17456421 2.07802392
0.63636364 0.63636364 4.64818010 3.42341443 1.22476567
0.72727273 0.63636364 4.44317981 3.67369696 0.76948286
0.81818182 0.63636364 4.38166428 3.92069077 0.46097350
0.90909091 0.63636364 4.37638603 4.15914323 0.21724280
1.00000000 0.63636364 4.38344358 4.38344358 0.00000000
0.00000000 0.72727273 2.06942901 2.06942901 0.00000000
0.09090909 0.72727273 2.51295829 2.26609175 0.24686655
0.18181818 0.72727273 2.99932865 2.47958402 0.51974463
0.27272727 0.72727273 3.55499421 2.70914107 0.84585314
0.36363636 0.72727273 4.19689180 2.95337294 1.24351887
0.45454545 0.72727273 4.85106498 3.21017899 1.64088599
0.54545455 0.72727273 4.85818404 3.47668571 1.38149833
0.63636364 0.72727273 4.72314648 3.74921886 0.97392761
0.72727273 0.72727273 4.66984556 4.02332064 0.64652492
0.81818182 0.72727273 4.68729992 4.29382072 0.39347920
0.90909091 0.72727273 4.74115108 4.55496656 0.18618452
1.00000000 0.72727273 4.80061345 4.80061345 0.00000000
0.00000000 0.81818182 2.26637541 2.26637541 0.00000000
0.09090909 0.81818182 2.65567281 2.48175443 0.17391837
0.18181818 0.81818182 3.07548598 2.71556464 0.35992134
0.27272727 0.81818182 3.53123529 2.96696850 0.56426679
0.36363636 0.81818182 4.00739065 3.23444378 0.77294687
0.45454545 0.81818182 4.43217932 3.51568992 0.91648940
0.54545455 0.81818182 4.64076185 3.80755994 0.83320190
0.63636364 0.81818182 4.74899016 4.10602992 0.64296024
0.72727273 0.81818182 4.85545410 4.40621781 0.44923629
0.81818182 0.81818182 4.98270394 4.70246123 0.28024271
0.90909091 0.81818182 5.12246313 4.98846018 0.13400295
1.00000000 0.81818182 5.25748514 5.25748514 0.00000000
0.00000000 0.90909091 2.48206508 2.48206508 0.00000000
0.09090909 0.90909091 2.80686122 2.71794161 0.08891961
0.18181818 0.90909091 3.15580072 2.97400340 0.18179732
0.27272727 0.90909091 3.52772729 3.24933323 0.27839406
0.36363636 0.90909091 3.90982894 3.54226399 0.36756496
0.45454545 0.90909091 4.26925261 3.85027617 0.41897645
0.54545455 0.90909091 4.56183343 4.16992329 0.39191014
0.63636364 0.90909091 4.81231600 4.49679849 0.31551751
0.72727273 0.90909091 5.05280118 4.82555509 0.22724609
0.81818182 0.90909091 5.29425393 5.14999183 0.14426210
0.90909091 0.90909091 5.53277934 5.46320914 0.06957020
1.00000000 0.90909091 5.75783706 5.75783706 0.00000000
0.00000000 1.00000000 2.71828183 2.71828183 0.00000000
0.09090909 1.00000000 2.97660659 2.97660659 0.00000000
0.18181818 1.00000000 3.25703764 3.25703764 0.00000000
0.27272727 1.00000000 3.55857046 3.55857046 0.00000000
0.36363636 1.00000000 3.87937927 3.87937927 0.00000000
0.45454545 1.00000000 4.21670479 4.21670479 0.00000000
0.54545455 1.00000000 4.56677256 4.56677256 0.00000000
0.63636364 1.00000000 4.92475628 4.92475628 0.00000000
0.72727273 1.00000000 5.28480046 5.28480046 0.00000000
0.81818182 1.00000000 5.64011367 5.64011367 0.00000000
0.90909091 1.00000000 5.98313970 5.98313970 0.00000000
1.00000000 1.00000000 6.30580719 6.30580719 0.00000000
