# x y u_computed u_exact error
0.00000000 0.00000000 1.00000000 1.00000000 0.00000000
0.03225806 0.00000000 1.03277822 1.03277822 0.00000000
0.06451613 0.00000000 1.06659505 1.06659505 0.00000000
0.09677419 0.00000000 1.10144528 1.10144528 0.00000000
0.12903226 0.00000000 1.13731987 1.13731987 0.00000000
0.16129032 0.00000000 1.17420570 1.17420570 0.00000000
0.19354839 0.00000000 1.21208526 1.21208526 0.00000000
0.22580645 0.00000000 1.25093643 1.25093643 0.00000000
0.25806452 0.00000000 1.29073218 1.29073218 0.00000000
0.29032258 0.00000000 1.33144034 1.33144034 0.00000000
0.32258065 0.00000000 1.37302337 1.37302337 0.00000000
0.35483871 0.00000000 1.41543815 1.41543815 0.00000000
0.38709677 0.00000000 1.45863577 1.45863577 0.00000000
0.41935484 0.00000000 1.50256144 1.50256144 0.00000000
0.45161290 0.00000000 1.54715429 1.54715429 0.00000000
0.48387097 0.00000000 1.59234733 1.59234733 0.00000000
0.51612903 0.00000000 1.63806739 1.63806739 0.00000000
0.54838710 0.00000000 1.68423509 1.68423509 0.00000000
0.58064516 0.00000000 1.73076495 1.73076495 0.00000000
0.61290323 0.00000000 1.77756538 1.77756538 0.00000000
0.64516129 0.00000000 1.82453894 1.82453894 0.00000000
0.67741935 0.00000000 1.87158243 1.87158243 0.00000000
0.70967742 0.00000000 1.91858724 1.91858724 0.00000000
0.74193548 0.00000000 1.96543961 1.96543961 0.00000000
0.77419355 0.00000000 2.01202102 2.01202102 0.00000000
0.80645161 0.00000000 2.05820864 2.05820864 0.00000000
0.83870968 0.00000000 2.10387579 2.10387579 0.00000000
0.87096774 0.00000000 2.14889252 2.14889252 0.00000000
0.90322581 0.00000000 2.19312622 2.19312622 0.00000000
0.93548387 0.00000000 2.23644224 2.23644224 0.00000000
0.96774194 0.00000000 2.27870461 2.27870461 0.00000000
1.00000000 0.00000000 2.31977682 2.31977682 0.00000000
0.00000000 0.03225806 1.03278400 1.03278400 0.00000000
0.03225806 0.03225806 1.05851544 1.06663681 0.00812137
0.06451613 0.03225806 1.08532173 1.10156230 0.01624057
0.09677419 0.03225806 1.11319967 1.13755506 0.02435540
0.12903226 0.03225806 1.14214244 1.17460576 0.03246333
0.16129032 0.03225806 1.17213947 1.21270085 0.04056138
0.19354839 0.03225806 1.20317642 1.25182226 0.04864584
0.22580645 0.03225806 1.23523538 1.29194712 0.05671174
0.25806452 0.03225806 1.26829580 1.33304754 0.06475174
0.29032258 0.03225806 1.30233622 1.37509028 0.07275406
0.32258065 0.03225806 1.33733767 1.41803657 0.08069889
0.35483871 0.03225806 1.37328900 1.46184186 0.08855287
0.38709677 0.03225806 1.41019490 1.50645568 0.09626079
0.41935484 0.03225806 1.44808729 1.55182141 0.10373411
0.45161290 0.03225806 1.48704086 1.59787619 0.11083533
0.48387097 0.03225806 1.52719248 1.64455084 0.11735835
0.51612903 0.03225806 1.56875980 1.69176978 0.12300998
0.54838710 0.03225806 1.61204421 1.73945105 0.12740684
0.58064516 0.03225806 1.65739574 1.78750634 0.13011060
0.61290323 0.03225806 1.70513100 1.83584108 0.13071008
0.64516129 0.03225806 1.75543281 1.88435461 0.12892181
0.67741935 0.03225806 1.80828612 1.93294038 0.12465426
0.70967742 0.03225806 1.86347609 1.98148620 0.11801011
0.74193548 0.03225806 1.92063489 2.02987458 0.10923969
0.77419355 0.03225806 1.97930738 2.07798311 0.09867574
0.80645161 0.03225806 2.03901136 2.12568494 0.08667358
0.83870968 0.03225806 2.09928062 2.17284925 0.07356863
0.87096774 0.03225806 2.15968906 2.21934181 0.05965275
0.90322581 0.03225806 2.21985955 2.26502566 0.04516611
0.93548387 0.03225806 2.27946218 2.30976175 0.03029957
0.96774194 0.03225806 2.33820615 2.35340965 0.01520350
1.00000000 0.03225806 2.39582838 2.39582838 0.00000000
0.00000000 0.06451613 1.06664278 1.06664278 0.00000000
0.03225806 0.06451613 1.08536071 1.10160543 0.01624472
0.06451613 0.06451613 1.10519062 1.13767592 0.03248529
0.09677419 0.06451613 1.12613123 1.17484866 0.04871744
0.12903226 0.06451613 1.14817777 1.21311403 0.06493626
0.16129032 0.06451613 1.17132198 1.25245803 0.08113605
0.19354839 0.06451613 1.19555206 1.29286199 0.09730993
0.22580645 0.06451613 1.22085326 1.33430231 0.11344905
0.25806452 0.06451613 1.24720934 1.37675016 0.12954082
0.29032258 0.06451613 1.27460600 1.42017123 0.14556523
0.32258065 0.06451613 1.30303719 1.46452547 0.16148828
0.35483871 0.06451613 1.33251547 1.50976688 0.17725141
0.38709677 0.06451613 1.36308754 1.55584332 0.19275577
0.41935484 0.06451613 1.39485636 1.60269631 0.20783996
0.45161290 0.06451613 1.42801251 1.65026096 0.22224845
0.48387097 0.06451613 1.46287806 1.69846579 0.23558773
0.51612903 0.06451613 1.49995842 1.74723275 0.24727434
0.54838710 0.06451613 1.53997078 1.79647721 0.25650643
0.58064516 0.06451613 1.58378282 1.84610794 0.26232512
0.61290323 0.06451613 1.63221968 1.89602729 0.26380761
0.64516129 0.06451613 1.68580871 1.94613129 0.26032257
0.67741935 0.06451613 1.74462502 1.99630989 0.25168487
0.70967742 0.06451613 1.80830098 2.04644723 0.23814626
0.74193548 0.06451613 1.87614926 2.09642198 0.22027272
0.77419355 0.06451613 1.94731817 2.14610770 0.19878953
0.80645161 0.06451613 2.02092352 2.19537339 0.17444987
0.83870968 0.06451613 2.09613578 2.24408393 0.14794815
0.87096774 0.06451613 2.17222442 2.29210070 0.11987628
0.90322581 0.06451613 2.24857005 2.33928225 0.09071220
0.93548387 0.06451613 2.32465613 2.38548497 0.06082883
0.96774194 0.06451613 2.40004916 2.43056383 0.03051467
1.00000000 0.06451613 2.47437321 2.47437321 0.00000000
0.00000000 0.09677419 1.10161159 1.10161159 0.00000000
0.03225806 0.09677419 1.11334847 1.13772046 0.02437199
0.06451613 0.09677419 1.12623527 1.17497348 0.04873821
0.09677419 0.09677419 1.14027236 1.21336490 0.07309254
0.12903226 0.09677419 1.15545681 1.25288476 0.09742795
0.16129032 0.09677419 1.17178226 1.29351861 0.12173635
0.19354839 0.09677419 1.18923872 1.33524717 0.14600846
0.22580645 0.09677419 1.20781270 1.37804607 0.17023337
0.25806452 0.09677419 1.22748862 1.42188554 0.19439691
0.29032258 0.09677419 1.24825272 1.46673012 0.21847740
0.32258065 0.09677419 1.27010125 1.51253847 0.24243722
0.35483871 0.09677419 1.29305474 1.55926307 0.26620833
0.38709677 0.09677419 1.31717953 1.60685008 0.28967055
0.41935484 0.09677419 1.34261802 1.65523910 0.31262109
0.45161290 0.09677419 1.36963272 1.70436310 0.33473038
0.48387097 0.09677419 1.39867890 1.75414828 0.35546938
0.51612903 0.09677419 1.43052121 1.80451402 0.37399282
0.54838710 0.09677419 1.46635387 1.85537291 0.38901904
0.58064516 0.09677419 1.50775524 1.90663073 0.39887550
0.61290323 0.09677419 1.55631433 1.95818664 0.40187231
0.64516129 0.09677419 1.61305755 2.00993325 0.39687570
0.67741935 0.09677419 1.67814079 2.06175691 0.38361612
0.70967742 0.09677419 1.75092087 2.11353795 0.36261708
0.74193548 0.09677419 1.83023586 2.16515107 0.33491520
0.77419355 0.09677419 1.91470604 2.21646569 0.30175965
0.80645161 0.09677419 2.00295836 2.26734650 0.26438814
0.83870968 0.09677419 2.09375619 2.31765396 0.22389777
0.87096774 0.09677419 2.18605286 2.36724492 0.18119206
0.90322581 0.09677419 2.27899560 2.41597327 0.13697767
0.93548387 0.09677419 2.37190164 2.46369070 0.09178906
0.96774194 0.09677419 2.46422085 2.51024742 0.04602657
1.00000000 0.09677419 2.55549305 2.55549305 0.00000000
0.00000000 0.12903226 1.13772682 1.13772682 0.00000000
0.03225806 0.12903226 1.14251466 1.17501948 0.03250482
0.06451613 0.12903226 1.14849103 1.21349380 0.06500277
0.09677419 0.12903226 1.15565756 1.25314385 0.09748628
0.12903226 0.12903226 1.16401296 1.29395933 0.12994637
0.16129032 0.12903226 1.17355269 1.33592532 0.16237263
0.19354839 0.12903226 1.18426807 1.37902191 0.19475385
0.22580645 0.12903226 1.19614520 1.42322393 0.22707873
0.25806452 0.12903226 1.20916494 1.46850063 0.25933569
0.29032258 0.12903226 1.22330554 1.51481539 0.29150986
0.32258065 0.12903226 1.23855106 1.56212552 0.32357446
0.35483871 0.12903226 1.25490820 1.61038195 0.35547375
0.38709677 0.12903226 1.27243246 1.65952905 0.38709659
0.41935484 0.12903226 1.29126141 1.70950446 0.41824305
0.45161290 0.12903226 1.31165674 1.76023894 0.44858220
0.48387097 0.12903226 1.33409010 1.81165627 0.47756617
0.51612903 0.12903226 1.35946508 1.86367320 0.50420813
0.54838710 0.12903226 1.38949843 1.91619944 0.52670101
0.58064516 0.12903226 1.42685256 1.96913771 0.54228515
0.61290323 0.12903226 1.47445374 2.02238382 0.54793008
0.64516129 0.12903226 1.53413541 2.07582689 0.54169148
0.67741935 0.12903226 1.60606301 2.12934954 0.52328653
0.70967742 0.12903226 1.68903766 2.18282817 0.49379051
0.74193548 0.12903226 1.78112221 2.23613337 0.45501116
0.77419355 0.12903226 1.88018472 2.28913029 0.40894557
0.80645161 0.12903226 1.98423401 2.34167918 0.35744517
0.83870968 0.12903226 2.09157321 2.39363592 0.30206271
0.87096774 0.12903226 2.20083613 2.44485267 0.24401654
0.90322581 0.12903226 2.31096106 2.49517853 0.18421747
0.93548387 0.12903226 2.42113699 2.54446032 0.12332334
0.96774194 0.12903226 2.53074056 2.59254336 0.06180280
1.00000000 0.12903226 2.63927232 2.63927232 0.00000000
0.00000000 0.16129032 1.17502606 1.17502606 0.00000000
0.03225806 0.16129032 1.17289702 1.21354132 0.04064430
0.06451613 0.16129032 1.17199547 1.25327698 0.08128151
0.09677419 0.16129032 1.17232373 1.29422691 0.12190318
0.12903226 0.16129032 1.17388217 1.33638048 0.16249831
0.16129032 0.16129032 1.17666866 1.37972229 0.20305362
0.19354839 0.16129032 1.18067652 1.42423176 0.24355524
0.22580645 0.16129032 1.18589126 1.46988290 0.28399164
0.25806452 0.16129032 1.19228707 1.51664394 0.32435687
0.29032258 0.16129032 1.19982560 1.56447710 0.36465149
0.32258065 0.16129032 1.20846163 1.61333824 0.40487661
0.35483871 0.16129032 1.21816151 1.66317670 0.44501520
0.38709677 0.16129032 1.22893646 1.71393504 0.48499858
0.41935484 0.16129032 1.24087695 1.76554884 0.52467189
0.45161290 0.16129032 1.25415783 1.81794660 0.56378877
0.48387097 0.16129032 1.26904505 1.87104960 0.60200455
0.51612903 0.16129032 1.28619977 1.92477186 0.63857209
0.54838710 0.16129032 1.30772878 1.97902012 0.67129133
0.58064516 0.16129032 1.33806028 2.03369391 0.69563363
0.61290323 0.16129032 1.38281463 2.08868564 0.70587101
0.64516129 0.16129032 1.44520749 2.14388079 0.69867330
0.67741935 0.16129032 1.52511042 2.19915812 0.67404771
0.70967742 0.16129032 1.62014297 2.25439000 0.63424703
0.74193548 0.16129032 1.72704962 2.30944276 0.58239314
0.77419355 0.16129032 1.84261100 2.36417713 0.52156613
0.80645161 0.16129032 1.96406462 2.41844878 0.45438417
0.83870968 0.16129032 2.08921756 2.47210887 0.38289131
0.87096774 0.16129032 2.21641077 2.52500471 0.30859394
0.90322581 0.16129032 2.34442803 2.57698045 0.23255242
0.93548387 0.16129032 2.47239370 2.62787790 0.15548419
0.96774194 0.16129032 2.59967574 2.67753729 0.07786155
1.00000000 0.16129032 2.72579821 2.72579821 0.00000000
0.00000000 0.19354839 1.21354811 1.21354811 0.00000000
0.03225806 0.19354839 1.20453543 1.25332605 0.04879062
0.06451613 0.19354839 1.19678887 1.29436441 0.09757554
0.09677419 0.19354839 1.19031051 1.33665684 0.14634633
0.12903226 0.19354839 1.18510261 1.38019238 0.19508977
0.16129032 0.19354839 1.18116711 1.42495510 0.24378799
0.19354839 0.19354839 1.17850228 1.47092377 0.29242149
0.22580645 0.19354839 1.17709619 1.51807153 0.34097534
0.25806452 0.19354839 1.17691730 1.56636559 0.38944829
0.29032258 0.19354839 1.17790468 1.61576691 0.43786223
0.32258065 0.19354839 1.17996504 1.66622991 0.48626487
0.35483871 0.19354839 1.18299086 1.71770228 0.53471142
0.38709677 0.19354839 1.18691447 1.77012468 0.58321021
0.41935484 0.19354839 1.19177386 1.82343059 0.63165673
0.45161290 0.19354839 1.19765016 1.87754616 0.67989600
0.48387097 0.19354839 1.20429936 1.93239009 0.72809073
0.51612903 0.19354839 1.21108965 1.98787357 0.77678392
0.54838710 0.19354839 1.21964211 2.04390031 0.82425819
0.58064516 0.19354839 1.23727990 2.10036652 0.86308662
0.61290323 0.19354839 1.27591444 2.15716110 0.88124666
0.64516129 0.19354839 1.34108312 2.21416577 0.87308265
0.67741935 0.19354839 1.43127165 2.27125531 0.83998367
0.70967742 0.19354839 1.54154142 2.32829791 0.78675649
0.74193548 0.19354839 1.66640749 2.38515552 0.71874802
0.77419355 0.19354839 1.80114280 2.44168430 0.64054150
0.80645161 0.19354839 1.94210125 2.49773520 0.55563394
0.83870968 0.19354839 2.08663009 2.55315448 0.46652439
0.87096774 0.19354839 2.23286892 2.60778445 0.37491553
0.90322581 0.19354839 2.37954999 2.66146417 0.28191417
0.93548387 0.19354839 2.52583059 2.71403024 0.18819965
0.96774194 0.19354839 2.67115819 2.76531766 0.09415948
1.00000000 0.19354839 2.81516077 2.81516077 0.00000000
0.00000000 0.22580645 1.25333306 1.25333306 0.00000000
0.03225806 0.22580645 1.23747267 1.29441509 0.05694241
0.06451613 0.22580645 1.22291541 1.33679884 0.11388343
0.09677419 0.22580645 1.20966125 1.38047779 0.17081654
0.12903226 0.22580645 1.19771448 1.42544060 0.22772612
0.16129032 0.22580645 1.18708408 1.47167082 0.28458674
0.19354839 0.22580645 1.17777950 1.51914653 0.34136703
0.22580645 0.22580645 1.16980043 1.56783998 0.39803956
0.25806452 0.22580645 1.16311899 1.61771732 0.45459833
0.29032258 0.22580645 1.15765437 1.66873820 0.51108383
0.32258065 0.22580645 1.15324680 1.72085559 0.56760879
0.35483871 0.22580645 1.14966048 1.77401543 0.62435495
0.38709677 0.22580645 1.14668279 1.82815644 0.68147365
0.41935484 0.22580645 1.14436157 1.88320993 0.73884835
0.45161290 0.22580645 1.14305230 1.93909962 0.79604732
0.48387097 0.22580645 1.14206356 1.99574155 0.85367799
0.51612903 0.22580645 1.13682978 2.05304401 0.91621423
0.54838710 0.22580645 1.12503706 2.11090753 0.98587047
0.58064516 0.22580645 1.11801733 2.16922493 1.05120760
0.61290323 0.22580645 1.14493549 2.22788146 1.08294597
0.64516129 0.22580645 1.21432834 2.28675497 1.07242663
0.67741935 0.22580645 1.31966864 2.34571614 1.02604750
0.70967742 0.22580645 1.45058184 2.40462882 0.95404698
0.74193548 0.22580645 1.59804971 2.46335045 0.86530074
0.77419355 0.22580645 1.75551474 2.52173247 0.76621773
0.80645161 0.22580645 1.91853533 2.57962094 0.66108561
0.83870968 0.22580645 2.08420035 2.63685708 0.55265674
0.87096774 0.22580645 2.25064839 2.69327805 0.44262965
0.90322581 0.22580645 2.41672840 2.74871760 0.33198920
0.93548387 0.22580645 2.58176605 2.80300699 0.22124094
0.96774194 0.22580645 2.74539885 2.85597583 0.11057698
1.00000000 0.22580645 2.90745299 2.90745299 0.00000000
0.00000000 0.25806452 1.29442233 1.29442233 0.00000000
0.03225806 0.25806452 1.27175583 1.33685118 0.06509535
0.06451613 0.25806452 1.25042550 1.38062445 0.13019895
0.09677419 0.25806452 1.23042540 1.42573537 0.19530997
0.12903226 0.25806452 1.21176114 1.47217224 0.26041110
0.16129032 0.25806452 1.19445259 1.51991807 0.32546548
0.19354839 0.25806452 1.17853028 1.56895022 0.39041994
0.22580645 0.25806452 1.16402290 1.61924004 0.45521714
0.25806452 0.25806452 1.15093134 1.67075255 0.51982121
0.29032258 0.25806452 1.13918056 1.72344611 0.58426555
0.32258065 0.25806452 1.12854104 1.77727211 0.64873107
0.35483871 0.25806452 1.11854926 1.83217474 0.71362548
0.38709677 0.25806452 1.10861010 1.88809071 0.77948062
0.41935484 0.25806452 1.09873382 1.94494908 0.84621525
0.45161290 0.25806452 1.09090460 2.00267106 0.91176646
0.48387097 0.25806452 1.08681071 2.06116994 0.97435922
0.51612903 0.25806452 1.07182690 2.12035100 1.04852410
0.54838710 0.25806452 1.02831011 2.18011151 1.15180140
0.58064516 0.25806452 0.96741388 2.24034079 1.27292691
0.61290323 0.25806452 0.97401771 2.30092032 1.32690261
0.64516129 0.25806452 1.05409390 2.36172394 1.30763004
0.67741935 0.25806452 1.18488570 2.42261809 1.23773239
0.70967742 0.25806452 1.34537924 2.48346216 1.13808293
0.74193548 0.25806452 1.52191894 2.54410892 1.02218997
0.77419355 0.25806452 1.70646202 2.60440494 0.89794291
0.80645161 0.25806452 1.89435731 2.66419122 0.76983390
0.83870968 0.25806452 2.08291654 2.72330380 0.64038726
0.87096774 0.25806452 2.27061729 2.78157446 0.51095717
0.90322581 0.25806452 2.45665939 2.83883155 0.38217216
0.93548387 0.25806452 2.64070264 2.89490076 0.25419812
0.96774194 0.25806452 2.82269835 2.94960613 0.12690777
1.00000000 0.25806452 3.00277092 3.00277092 0.00000000
0.00000000 0.29032258 1.33685866 1.33685866 0.00000000
0.03225806 0.29032258 1.30743872 1.38067851 0.07323978
0.06451613 0.29032258 1.27938009 1.42588684 0.14650675
0.09677419 0.29032258 1.25266369 1.47247667 0.21981298
0.12903226 0.29032258 1.22729343 1.52043593 0.29314250
0.16129032 0.29032258 1.20330328 1.56974706 0.36644377
0.19354839 0.29032258 1.18075695 1.62038668 0.43962973
0.22580645 0.29032258 1.15973776 1.67232520 0.51258745
0.25806452 0.29032258 1.14032310 1.72552650 0.58520339
0.29032258 0.29032258 1.12252192 1.77994756 0.65742564
0.32258065 0.29032258 1.10611419 1.83553819 0.72942401
0.35483871 0.29032258 1.09030594 1.89224075 0.80193480
0.38709677 0.29032258 1.07338227 1.94998987 0.87660760
0.41935484 0.29032258 1.05394718 2.00871228 0.95476509
0.45161290 0.29032258 1.03788306 2.06832662 1.03044355
0.48387097 0.29032258 1.04527546 2.12874332 1.08346787
0.51612903 0.29032258 1.03814351 2.18986458 1.15172106
0.54838710 0.29032258 0.95170062 2.25158428 1.29988366
0.58064516 0.29032258 0.75199251 2.31378811 1.56179560
0.61290323 0.29032258 0.73224659 2.37635368 1.64410709
0.64516129 0.29032258 0.84569254 2.43915068 1.59345815
0.67741935 0.29032258 1.02287243 2.50204119 1.47916876
0.70967742 0.29032258 1.22651791 2.56487998 1.33836207
0.74193548 0.29032258 1.44008189 2.62751497 1.18743308
0.77419355 0.29032258 1.65625787 2.68978774 1.03352986
0.80645161 0.29032258 1.87161432 2.75153405 0.87991973
0.83870968 0.29032258 2.08448341 2.81258458 0.72810116
0.87096774 0.29032258 2.29412594 2.87276559 0.57863965
0.90322581 0.29032258 2.50035553 2.93189979 0.43154426
0.93548387 0.29032258 2.70333537 2.98980718 0.28647181
0.96774194 0.29032258 2.90344972 3.04630600 0.14285628
1.00000000 0.29032258 3.10121374 3.10121374 0.00000000
0.00000000 0.32258065 1.38068623 1.38068623 0.00000000
0.03225806 0.32258065 1.34458590 1.42594267 0.08135676
0.06451613 0.32258065 1.30985811 1.47263311 0.16277500
0.09677419 0.32258065 1.27645795 1.52075034 0.24429239
0.12903226 0.32258065 1.24438011 1.57028189 0.32590178
0.16129032 0.32258065 1.21367262 1.62120964 0.40753702
0.19354839 0.32258065 1.18444208 1.67350943 0.48906735
0.22580645 0.32258065 1.15685160 1.72715070 0.57029910
0.25806452 0.32258065 1.13111732 1.78209615 0.65097884
0.29032258 0.32258065 1.10749220 1.83830135 0.73080915
0.32258065 0.32258065 1.08611044 1.89571447 0.80960403
0.35483871 0.32258065 1.06619432 1.95427596 0.88808164
0.38709677 0.32258065 1.04366894 2.01391833 0.97024939
0.41935484 0.32258065 1.00877243 2.07456589 1.06579347
0.45161290 0.32258065 0.96436034 2.13613463 1.17177429
0.48387097 0.32258065 1.02118491 2.19853204 1.17734713
0.51612903 0.32258065 1.08664894 2.26165709 1.17500815
0.54838710 0.32258065 0.99118411 2.32540020 1.33421610
0.58064516 0.32258065 0.35937905 2.38964333 2.03026428
0.61290323 0.32258065 0.35998845 2.45426005 2.09427161
0.64516129 0.32258065 0.57618949 2.51911579 1.94292630
0.67741935 0.32258065 0.83694600 2.58406810 1.74712209
0.70967742 0.32258065 1.10020379 2.64896699 1.54876320
0.74193548 0.32258065 1.35800523 2.71365541 1.35565018
0.77419355 0.32258065 1.60914618 2.77796973 1.16882355
0.80645161 0.32258065 1.85352647 2.84174033 0.98821386
0.83870968 0.32258065 2.09133437 2.90479234 0.81345797
0.87096774 0.32258065 2.32299027 2.96694632 0.64395605
0.90322581 0.32258065 2.54912565 3.02801918 0.47889352
0.93548387 0.32258065 2.77053623 3.08782500 0.31728877
0.96774194 0.32258065 2.98813023 3.14617608 0.15804585
1.00000000 0.32258065 3.20288392 3.20288392 0.00000000
0.00000000 0.35483871 1.42595064 1.42595064 0.00000000
0.03225806 0.35483871 1.38327878 1.47269077 0.08941199
0.06451613 0.35483871 1.34196811 1.52091190 0.17894379
0.09677419 0.35483871 1.30192717 1.57060661 0.26867945
0.12903226 0.35483871 1.26312714 1.62176201 0.35863487
0.16129032 0.35483871 1.22562459 1.67435937 0.44873478
0.19354839 0.35483871 1.18957061 1.72837375 0.53880314
0.22580645 0.35483871 1.15521127 1.78377361 0.62856233
0.25806452 0.35483871 1.12291714 1.84052038 0.71760324
0.29032258 0.35483871 1.09334061 1.89856821 0.80522760
0.32258065 0.35483871 1.06776272 1.95786356 0.89010084
0.35483871 0.35483871 1.04780711 2.01834494 0.97053782
0.38709677 0.35483871 1.02942827 2.07994262 1.05051435
0.41935484 0.35483871 0.97619388 2.14257845 1.16638457
0.45161290 0.35483871 0.79265318 2.20616566 1.41351248
0.48387097 0.35483871 0.99147101 2.27060870 1.27913769
0.51612903 0.35483871 1.29905545 2.33580324 1.03674780
0.54838710 0.35483871 1.56992830 2.40163612 0.83170782
0.58064516 0.35483871 -0.66278798 2.46798539 3.13077337
0.61290323 0.35483871 -0.22506780 2.53472050 2.75978830
0.64516129 0.35483871 0.26484950 2.60170247 2.33685297
0.67741935 0.35483871 0.65115444 2.66878417 2.01762974
0.70967742 0.35483871 0.98189255 2.73581071 1.75391816
0.74193548 0.35483871 1.28503923 2.80261988 1.51758065
0.77419355 0.35483871 1.57114260 2.86904268 1.29790008
0.80645161 0.35483871 1.84424985 2.93490394 1.09065408
0.83870968 0.35483871 2.10646227 3.00002304 0.89356076
0.87096774 0.35483871 2.35938159 3.06421468 0.70483309
0.90322581 0.35483871 2.60450461 3.12728975 0.52278514
0.93548387 0.35483871 2.84331213 3.18905625 0.34574412
0.96774194 0.35483871 3.07728164 3.24932031 0.17203867
1.00000000 0.35483871 3.30788726 3.30788726 0.00000000
0.00000000 0.38709677 1.47269900 1.47269900 0.00000000
0.03225806 0.38709677 1.42362434 1.52097145 0.09734711
0.06451613 0.38709677 1.37586505 1.57077347 0.19490842
0.09677419 0.38709677 1.32925098 1.62209737 0.29284639
0.12903226 0.38709677 1.28370675 1.67492984 0.39122309
0.16129032 0.38709677 1.23928787 1.72925156 0.48996368
0.19354839 0.38709677 1.19618907 1.78503675 0.58884768
0.22580645 0.38709677 1.15470944 1.84225283 0.68754339
0.25806452 0.38709677 1.11521626 1.90086000 0.78564373
0.29032258 0.38709677 1.07841419 1.96081087 0.88239668
0.32258065 0.38709677 1.04701674 2.02205015 0.97503341
0.35483871 0.38709677 1.03106042 2.08451435 1.05345393
0.38709677 0.38709677 1.05324635 2.14813145 1.09488510
0.41935484 0.38709677 1.07710328 2.21282074 1.13571745
0.58064516 0.38709677 -4.35243678 2.54889581 6.90133259
0.61290323 0.38709677 -0.85943604 2.61781877 3.47725481
0.64516129 0.38709677 0.05992954 2.68699667 2.62706714
0.67741935 0.38709677 0.52365223 2.75627758 2.23262535
0.70967742 0.38709677 0.89380278 2.82550152 1.93169874
0.74193548 0.38709677 1.23164706 2.89450096 1.66285390
0.77419355 0.38709677 1.54855951 2.96310136 1.41454185
0.80645161 0.38709677 1.84818031 3.03112181 1.18294150
0.83870968 0.38709677 2.13307792 3.09837578 0.96529786
0.87096774 0.38709677 2.40564143 3.16467188 0.75903045
0.90322581 0.38709677 2.66814486 3.22981480 0.56166994
0.93548387 0.38709677 2.92274213 3.29360625 0.37086412
0.96774194 0.38709677 3.17148099 3.35584601 0.18436502
1.00000000 0.38709677 3.41633302 3.41633302 0.00000000
0.00000000 0.41935484 1.52097996 1.52097996 0.00000000
0.03225806 0.41935484 1.46576723 1.57083497 0.10506775
0.06451613 0.41935484 1.41177364 1.62226970 0.21049607
0.09677419 0.41935484 1.35870196 1.67527621 0.31657425
0.12903226 0.41935484 1.30639369 1.72984074 0.42344704
0.16129032 0.41935484 1.25489456 1.78594333 0.53104877
0.19354839 0.41935484 1.20447732 1.84355739 0.63908007
0.22580645 0.41935484 1.15552989 1.90264924 0.74711935
0.25806452 0.41935484 1.10814665 1.96317778 0.85503114
0.29032258 0.41935484 1.06141262 2.02509408 0.96368147
0.32258065 0.41935484 1.01415937 2.08834104 1.07418167
0.35483871 0.41935484 0.97949421 2.15285306 1.17335884
0.38709677 0.41935484 1.07870168 2.21855578 1.13985410
0.61290323 0.41935484 1.08281057 2.70364133 1.62083076
0.64516129 0.41935484 0.31355218 2.77508716 2.46153498
0.67741935 0.41935484 0.49253397 2.84663938 2.35410541
0.70967742 0.41935484 0.84073551 2.91813275 2.07739724
0.74193548 0.41935484 1.20180019 2.98939427 1.78759408
0.77419355 0.41935484 1.54577196 3.06024366 1.51447171
0.80645161 0.41935484 1.86922200 3.13049410 1.26127210
0.83870968 0.41935484 2.17429426 3.19995292 1.02565865
0.87096774 0.41935484 2.46410150 3.26842247 0.80432097
0.90322581 0.41935484 2.74170087 3.33570104 0.59400017
0.93548387 0.41935484 3.00990620 3.40158383 0.39167762
0.96774194 0.41935484 3.27130643 3.46586405 0.19455762
1.00000000 0.41935484 3.52833407 3.52833407 0.00000000
0.00000000 0.45161290 1.57084376 1.57084376 0.00000000
0.03225806 0.45161290 1.50990572 1.62233322 0.11242750
0.06451613 0.45161290 1.45002067 1.67545419 0.22543352
0.09677419 0.45161290 1.39069134 1.73019845 0.33950712
0.12903226 0.45161290 1.33161016 1.78655183 0.45494166
0.16129032 0.45161290 1.27278983 1.84449369 0.57170387
0.19354839 0.45161290 1.21469256 1.90399657 0.68930401
0.22580645 0.45161290 1.15820337 1.96502569 0.80682232
0.25806452 0.45161290 1.10385910 2.02753859 0.92367949
0.29032258 0.45161290 1.04836891 2.09148476 1.04311585
0.32258065 0.45161290 0.97215279 2.15680520 1.18465241
0.35483871 0.45161290 0.79748706 2.22343218 1.42594512
0.64516129 0.45161290 -0.37807058 2.86606561 3.24413619
0.67741935 0.45161290 0.29509993 2.93996359 2.64486366
0.70967742 0.45161290 0.77761043 3.01380080 2.23619038
0.74193548 0.45161290 1.19174536 3.08739856 1.89565320
0.77419355 0.45161290 1.56609209 3.16057068 1.59447859
0.80645161 0.45161290 1.91110781 3.23312420 1.32201640
0.83870968 0.45161290 2.23311652 3.30486016 1.07174364
0.87096774 0.45161290 2.53697978 3.37557442 0.83859464
0.90322581 0.45161290 2.82672636 3.44505864 0.61833228
0.93548387 0.45161290 3.10581251 3.51310134 0.40728882
0.96774194 0.45161290 3.37730075 3.57948893 0.20218817
1.00000000 0.45161290 3.64400696 3.64400696 0.00000000
0.00000000 0.48387097 1.62234230 1.62234230 0.00000000
0.03225806 0.48387097 1.55631135 1.67551979 0.11920844
0.06451613 0.48387097 1.49107924 1.73038227 0.23930303
0.09677419 0.48387097 1.42584261 1.78692127 0.36107866
0.12903226 0.48387097 1.36001392 1.84512214 0.48510822
0.16129032 0.48387097 1.29344298 1.90496357 0.61152058
0.19354839 0.48387097 1.22680786 1.96641718 0.73960933
0.22580645 0.48387097 1.16226116 2.02944708 0.86718591
0.25806452 0.48387097 1.10426126 2.09400941 0.98974815
0.29032258 0.48387097 1.05960250 2.16005199 1.10044949
0.32258065 0.48387097 1.03214744 2.22751389 1.19536645
0.35483871 0.48387097 0.99885449 2.29632517 1.29747069
0.64516129 0.48387097 -0.25384718 2.96002669 3.21387387
0.67741935 0.48387097 0.29132509 3.03634734 2.74502225
0.70967742 0.48387097 0.78575818 3.11260524 2.32684706
0.74193548 0.48387097 1.22426634 3.18861582 1.96434947
0.77419355 0.48387097 1.61841399 3.26418681 1.64577282
0.80645161 0.48387097 1.97854781 3.33911893 1.36057112
0.83870968 0.48387097 2.31250186 3.41320668 1.10070482
0.87096774 0.48387097 2.62625754 3.48623924 0.85998170
0.90322581 0.48387097 2.92455580 3.55800143 0.63344563
0.93548387 0.48387097 3.21131738 3.62827483 0.41695746
0.96774194 0.48387097 3.48993228 3.69683887 0.20690659
1.00000000 0.48387097 3.76347206 3.76347206 0.00000000
0.00000000 0.51612903 1.67552916 1.67552916 0.00000000
0.03225806 0.51612903 1.60534714 1.73045002 0.12510288
0.06451613 0.51612903 1.53561997 1.78711112 0.25149115
0.09677419 0.51612903 1.46510779 1.84550369 0.38039590
0.12903226 0.51612903 1.39272108 1.90561261 0.51289153
0.16129032 0.51612903 1.31775542 1.96741588 0.64966046
0.19354839 0.51612903 1.24045788 2.03088419 0.79042631
0.22580645 0.51612903 1.16341711 2.09598046 0.93256336
0.25806452 0.51612903 1.09498225 2.16265941 1.06767716
0.29032258 0.51612903 1.05730018 2.23086712 1.17356694
0.32258065 0.51612903 1.10164807 2.30054070 1.19889264
0.35483871 0.51612903 1.31049583 2.37160789 1.06111206
0.64516129 0.51612903 -0.22647235 3.05706819 3.28354055
0.67741935 0.51612903 0.34138692 3.13589094 2.79450402
0.70967742 0.51612903 0.85282312 3.21464887 2.36182576
0.74193548 0.51612903 1.30402687 3.29315138 1.98912452
0.77419355 0.51612903 1.70750801 3.37119990 1.66369189
0.80645161 0.51612903 2.07479830 3.44858860 1.37379030
0.83870968 0.51612903 2.41458246 3.52510524 1.11052278
0.87096774 0.51612903 2.73335035 3.60053209 0.86718174
0.90322581 0.51612903 3.03613570 3.67464694 0.63851124
0.93548387 0.51612903 3.32703515 3.74722418 0.42018903
0.96774194 0.51612903 3.60955493 3.81803603 0.20848110
1.00000000 0.51612903 3.88685372 3.88685372 0.00000000
0.00000000 0.54838710 1.73045970 1.73045970 0.00000000
0.03225806 0.54838710 1.65746949 1.78718109 0.12971160
0.06451613 0.54838710 1.58453735 1.84569976 0.26116241
0.09677419 0.54838710 1.50988482 1.90600668 0.39612186
0.12903226 0.54838710 1.43168511 1.96808621 0.53640110
0.16129032 0.54838710 1.34811268 2.03191564 0.68380295
0.19354839 0.54838710 1.25759309 2.09746469 0.83987160
0.22580645 0.54838710 1.15973156 2.16469508 1.00496352
0.25806452 0.54838710 1.05873039 2.23356002 1.17482964
0.29032258 0.54838710 0.97675596 2.30400386 1.32724790
0.32258065 0.54838710 1.01043712 2.37596162 1.36552450
0.35483871 0.54838710 1.58728392 2.44935867 0.86207476
0.64516129 0.54838710 -0.25180847 3.15729110 3.40909957
0.67741935 0.54838710 0.45107090 3.23869798 2.78762707
0.70967742 0.54838710 0.98321085 3.32003791 2.33682706
0.74193548 0.54838710 1.43448341 3.40111405 1.96663064
0.77419355 0.54838710 1.83564162 3.48172130 1.64607968
0.80645161 0.54838710 2.20127185 3.56164711 1.36037526
0.83870968 0.54838710 2.54025806 3.64067227 1.10041421
0.87096774 0.54838710 2.85886065 3.71857192 0.85971127
0.90322581 0.54838710 3.16188785 3.79511655 0.63322870
0.93548387 0.54838710 3.45326656 3.87007316 0.41680660
0.96774194 0.54838710 3.73637736 3.94320650 0.20682914
1.00000000 0.54838710 4.01428031 4.01428031 0.00000000
0.00000000 0.58064516 1.78719109 1.78719109 0.00000000
0.03225806 0.58064516 1.71319126 1.84577202 0.13258076
0.06451613 0.58064516 1.63888451 1.90620917 0.26732466
0.09677419 0.58064516 1.56196560 1.96849319 0.40652759
0.12903226 0.58064516 1.47982033 2.03260794 0.55278761
0.16129032 0.58064516 1.38925179 2.09852995 0.70927816
0.19354839 0.58064516 1.28593485 2.16622797 0.88029311
0.22580645 0.58064516 1.16307352 2.23566243 1.07258892
0.25806452 0.58064516 1.00735564 2.30678505 1.29942940
0.29032258 0.58064516 0.78446840 2.37953831 1.59506991
0.32258065 0.58064516 0.37997304 2.45385513 2.07388209
0.35483871 0.58064516 -0.66536046 2.52965844 3.19501890
0.38709677 0.58064516 -4.41771074 2.60686085 7.02457159
0.61290323 0.58064516 -0.15116209 3.17684901 3.32801109
0.64516129 0.58064516 0.24149671 3.26079972 3.01930301
0.67741935 0.58064516 0.73479825 3.34487544 2.61007719
0.70967742 0.58064516 1.19765763 3.42888202 2.23122439
0.74193548 0.58064516 1.61812518 3.51261615 1.89449097
0.77419355 0.58064516 2.00224532 3.59586604 1.59362072
0.80645161 0.58064516 2.35719545 3.67841213 1.32121668
0.83870968 0.58064516 2.68898059 3.76002806 1.07104747
0.87096774 0.58064516 3.00246109 3.84048156 0.83802048
0.90322581 0.58064516 3.30164979 3.91953563 0.61788584
0.93548387 0.58064516 3.58996983 3.99694963 0.40697980
0.96774194 0.58064516 3.87045132 4.07248057 0.20202925
1.00000000 0.58064516 4.14588446 4.14588446 0.00000000
0.00000000 0.61290323 1.84578235 1.84578235 0.00000000
0.03225806 0.61290323 1.77299738 1.90628381 0.13328643
0.06451613 0.61290323 1.69967485 1.96870233 0.26902748
0.09677419 0.61290323 1.62315245 2.03302827 0.40987582
0.12903226 0.61290323 1.54030183 2.09924495 0.55894311
0.16129032 0.61290323 1.44709967 2.16732815 0.72022848
0.19354839 0.61290323 1.33781234 2.23724558 0.89943323
0.22580645 0.61290323 1.20328731 2.30895638 1.10566907
0.25806452 0.61290323 1.02718212 2.38241068 1.35522856
0.29032258 0.61290323 0.77782945 2.45754909 1.67971964
0.32258065 0.61290323 0.39438789 2.53430231 2.13991442
0.35483871 0.61290323 -0.20695575 2.61259075 2.81954650
0.38709677 0.61290323 -0.86050566 2.69232417 3.55282982
0.41935484 0.61290323 1.09686045 2.77340139 1.67654094
0.58064516 0.61290323 -0.15131353 3.19461539 3.34592892
0.61290323 0.61290323 0.24452889 3.28099881 3.03646992
0.64516129 0.61290323 0.63767811 3.36770177 2.73002366
0.67741935 0.61290323 1.05237999 3.45453382 2.40215383
0.70967742 0.61290323 1.45779255 3.54129447 2.08350192
0.74193548 0.61290323 1.84128593 3.62777375 1.78648782
0.77419355 0.61290323 2.20105762 3.71375290 1.51269528
0.80645161 0.61290323 2.53918204 3.79900518 1.25982314
0.83870968 0.61290323 2.85875836 3.88329680 1.02453844
0.87096774 0.61290323 3.16295052 3.96638790 0.80343738
0.90322581 0.61290323 3.45471914 4.04803367 0.59331453
0.93548387 0.61290323 3.73678782 4.12798561 0.39119778
0.96774194 0.61290323 4.01168430 4.20599275 0.19430846
1.00000000 0.61290323 4.28180312 4.28180312 0.00000000
0.00000000 0.64516129 1.90629447 1.90629447 0.00000000
0.03225806 0.64516129 1.83724230 1.96877941 0.13153711
0.06451613 0.64516129 1.76762167 2.03324425 0.26562259
0.09677419 0.64516129 1.69467441 2.09967906 0.40500464
0.12903226 0.64516129 1.61518652 2.16806659 0.55288007
0.16129032 0.64516129 1.52512294 2.23838183 0.71325889
0.19354839 0.64516129 1.41904970 2.31059143 0.89154172
0.22580645 0.64516129 1.28922820 2.38465320 1.09542499
0.25806452 0.64516129 1.12442012 2.46051562 1.33609550
0.29032258 0.64516129 0.90945233 2.53811737 1.62866504
0.32258065 0.64516129 0.63087808 2.61738687 1.98650879
0.35483871 0.64516129 0.30781974 2.69824191 2.39042217
0.38709677 0.64516129 0.08992973 2.78058931 2.69065958
0.41935484 0.64516129 0.33235660 2.86432457 2.53196796
0.45161290 0.64516129 -0.39543263 2.94933167 3.34476430
0.48387097 0.64516129 -0.26405679 3.03548291 3.29953970
0.51612903 0.64516129 -0.23504049 3.12263880 3.35767929
0.54838710 0.64516129 -0.26072900 3.21064805 3.47137705
0.58064516 0.64516129 0.24932809 3.29934765 3.05001956
0.61290323 0.64516129 0.64664764 3.38856306 2.74191542
0.64516129 0.64516129 1.01594113 3.47810849 2.46216735
0.67741935 0.64516129 1.38277518 3.56778724 2.18501207
0.70967742 0.64516129 1.74325100 3.65739225 1.91414125
0.74193548 0.64516129 2.09144390 3.74670667 1.65526276
0.77419355 0.64516129 2.42465539 3.83550456 1.41084917
0.80645161 0.64516129 2.74270974 3.92355175 1.18084201
0.83870968 0.64516129 3.04676109 4.01060679 0.96384570
0.87096774 0.64516129 3.33854582 4.09642194 0.75787612
0.90322581 0.64516129 3.62000709 4.18074439 0.56073730
0.93548387 0.64516129 3.89312884 4.26331747 0.37018863
0.96774194 0.64516129 4.15987480 4.34388200 0.18400720
1.00000000 0.64516129 4.42217774 4.42217774 0.00000000
0.00000000 0.67741935 1.96879042 1.96879042 0.00000000
0.03225806 0.67741935 1.90608483 2.03332386 0.12723903
0.06451613 0.67741935 1.84298143 2.09990213 0.25692069
0.09677419 0.67741935 1.77687528 2.16851492 0.39163964
0.12903226 0.67741935 1.70483135 2.23914447 0.53431312
0.16129032 0.67741935 1.62338019 2.31176493 0.68838474
0.19354839 0.67741935 1.52829264 2.38634185 0.85804921
0.22580645 0.67741935 1.41443858 2.46283166 1.04839308
0.25806452 0.67741935 1.27611836 2.54118115 1.26506279
0.29032258 0.67741935 1.10899143 2.62132699 1.51233556
0.32258065 0.67741935 0.91616243 2.70319527 1.78703284
0.35483871 0.67741935 0.72172795 2.78670106 2.06497311
0.38709677 0.67741935 0.58433048 2.87174814 2.28741766
0.41935484 0.67741935 0.54232226 2.95822857 2.41590631
0.45161290 0.67741935 0.33022767 3.04602255 2.71579487
0.48387097 0.67741935 0.32300509 3.13499817 2.81199309
0.51612903 0.67741935 0.37162069 3.22501138 2.85339068
0.54838710 0.67741935 0.48066881 3.31590592 2.83523710
0.58064516 0.67741935 0.76665726 3.40751345 2.64085619
0.61290323 0.67741935 1.08064946 3.49965370 2.41900424
0.64516129 0.67741935 1.40041707 3.59213478 2.19171771
0.67741935 0.67741935 1.72316823 3.68475356 1.96158534
0.70967742 0.67741935 2.04450837 3.77729619 1.73278782
0.74193548 0.67741935 2.35996622 3.86953868 1.50957246
0.77419355 0.67741935 2.66665135 3.96124772 1.29459637
0.80645161 0.67741935 2.96333160 4.05218146 1.08884985
0.83870968 0.67741935 3.24996435 4.14209050 0.89212616
0.87096774 0.67741935 3.52723487 4.23071902 0.70348415
0.90322581 0.67741935 3.79623583 4.31780590 0.52157007
0.93548387 0.67741935 4.05827352 4.40308605 0.34481253
0.96774194 0.67741935 4.31475966 4.48629181 0.17153215
1.00000000 0.67741935 4.56715439 4.56715439 0.00000000
0.00000000 0.70967742 2.03333524 2.03333524 0.00000000
0.03225806 0.70967742 1.97948640 2.09998434 0.12049794
0.06451613 0.70967742 1.92556423 2.16874531 0.24318108
0.09677419 0.70967742 1.86928787 2.23960751 0.37031964
0.12903226 0.70967742 1.80820506 2.31255258 0.50434752
0.16129032 0.70967742 1.73963662 2.38755382 0.64791720
0.19354839 0.70967742 1.66069897 2.46457567 0.80387669
0.22580645 0.70967742 1.56853842 2.54357312 0.97503470
0.25806452 0.70967742 1.46106486 2.62449123 1.16342637
0.29032258 0.70967742 1.33868367 2.70726457 1.36858090
0.32258065 0.70967742 1.20750361 2.79181681 1.58431319
0.35483871 0.70967742 1.08304119 2.87806026 1.79501907
0.38709677 0.70967742 0.98776463 2.96589552 1.97813089
0.41935484 0.70967742 0.92676710 3.05521112 2.12844402
0.45161290 0.70967742 0.85536829 3.14588334 2.29051505
0.48387097 0.70967742 0.85852959 3.23777594 2.37924635
0.51612903 0.70967742 0.92208761 3.33074014 2.40865253
0.54838710 0.70967742 1.04929077 3.42461456 2.37532380
0.58064516 0.70967742 1.26006216 3.51922535 2.25916319
0.61290323 0.70967742 1.51285931 3.61438633 2.10152702
0.64516129 0.70967742 1.78578597 3.70989931 1.92411335
0.67741935 0.70967742 2.06873126 3.80555451 1.73682324
0.70967742 0.70967742 2.35527926 3.90113105 1.54585178
0.74193548 0.70967742 2.64075509 3.99639762 1.35564253
0.77419355 0.70967742 2.92199952 4.09111325 1.16911373
0.80645161 0.70967742 3.19719345 4.18502816 0.98783471
0.83870968 0.70967742 3.46555992 4.27788478 0.81232486
0.87096774 0.70967742 3.72705459 4.36941889 0.64236431
0.90322581 0.70967742 3.98211436 4.45936083 0.47724647
0.93548387 0.70967742 4.23147721 4.54743681 0.31595959
0.96774194 0.70967742 4.47606108 4.63337038 0.15730930
1.00000000 0.70967742 4.71688396 4.71688396 0.00000000
0.00000000 0.74193548 2.09999609 2.09999609 0.00000000
0.03225806 0.74193548 2.05725899 2.16883022 0.11157124
0.06451613 0.74193548 2.01485986 2.23984545 0.22498559
0.09677419 0.74193548 1.97092097 2.31303079 0.34210983
0.12903226 0.74193548 1.92352771 2.38836729 0.46483958
0.16129032 0.74193548 1.87076810 2.46582737 0.59505927
0.19354839 0.74193548 1.81086924 2.54537430 0.73450507
0.22580645 0.74193548 1.74251960 2.62696161 0.88444201
0.25806452 0.74193548 1.66550612 2.71053254 1.04502642
0.29032258 0.74193548 1.58177175 2.79601952 1.21424777
0.32258065 0.74193548 1.49672448 2.88334372 1.38661924
0.35483871 0.74193548 1.41975624 2.97241458 1.55265834
0.38709677 0.74193548 1.36148737 3.06312942 1.70164205
0.41935484 0.74193548 1.32615010 3.15537315 1.82922306
0.45161290 0.74193548 1.31044376 3.24901796 1.93857420
0.48387097 0.74193548 1.33809920 3.34392317 2.00582397
0.51612903 0.74193548 1.41328656 3.43993511 2.02664855
0.54838710 0.74193548 1.53864547 3.53688711 1.99824165
0.58064516 0.74193548 1.71565454 3.63459962 1.91894508
0.61290323 0.74193548 1.92905369 3.73288036 1.80382667
0.64516129 0.74193548 2.16513981 3.83152464 1.66638482
0.67741935 0.74193548 2.41457381 3.93031579 1.51574198
0.70967742 0.74193548 2.67087263 4.02902571 1.35815309
0.74193548 0.74193548 2.92938373 4.12741551 1.19803177
0.77419355 0.74193548 3.18685525 4.22523629 1.03838104
0.80645161 0.74193548 3.44117991 4.32223010 0.88105019
0.83870968 0.74193548 3.69115673 4.41813094 0.72697421
0.87096774 0.74193548 3.93626410 4.51266590 0.57640180
0.90322581 0.74193548 4.17646441 4.60555649 0.42909208
0.93548387 0.74193548 4.41204958 4.69651995 0.28447038
0.96774194 0.74193548 4.64352486 4.78527078 0.14174592
1.00000000 0.74193548 4.87152227 4.87152227 0.00000000
0.00000000 0.77419355 2.16884236 2.16884236 0.00000000
0.03225806 0.77419355 2.13913215 2.23993314 0.10080100
0.06451613 0.77419355 2.11019678 2.31327653 0.20307975
0.09677419 0.77419355 2.08056720 2.38886118 0.30829399
0.12903226 0.77419355 2.04882635 2.46666751 0.41784117
0.16129032 0.77419355 2.01369241 2.54666705 0.53297464
0.19354839 0.77419355 1.97418017 2.62882185 0.65464167
0.22580645 0.77419355 1.92988273 2.71308391 0.78320118
0.25806452 0.77419355 1.88140580 2.79939462 0.91798883
0.29032258 0.77419355 1.83092042 2.88768421 1.05676379
0.32258065 0.77419355 1.78261434 2.97787125 1.19525691
0.35483871 0.77419355 1.74250998 3.06986220 1.32735222
0.38709677 0.77419355 1.71699591 3.16355105 1.44655513
0.41935484 0.77419355 1.71058772 3.25881889 1.54823117
0.45161290 0.77419355 1.72679981 3.35553375 1.62873394
0.48387097 0.77419355 1.77472434 3.45355033 1.67882599
0.51612903 0.77419355 1.85883463 3.55270993 1.69387529
0.54838710 0.77419355 1.98079199 3.65284041 1.67204841
0.58064516 0.77419355 2.13920821 3.75375632 1.61454811
0.61290323 0.77419355 2.32681002 3.85525909 1.52844907
0.64516129 0.77419355 2.53528064 3.95713733 1.42185669
0.67741935 0.77419355 2.75756103 4.05916725 1.30160622
0.70967742 0.77419355 2.98812694 4.16111327 1.17298633
0.74193548 0.77419355 3.22277862 4.26272868 1.03995006
0.77419355 0.77419355 3.45842827 4.36375642 0.90532815
0.80645161 0.77419355 3.69291943 4.46393008 0.77101064
0.83870968 0.77419355 3.92485502 4.56297492 0.63811991
0.87096774 0.77419355 4.15343247 4.66060912 0.50717666
0.90322581 0.77419355 4.37829517 4.75654504 0.37824987
0.93548387 0.77419355 4.59940641 4.85049065 0.25108424
0.96774194 0.77419355 4.81694662 4.94215108 0.12520446
1.00000000 0.77419355 5.03123023 5.03123023 0.00000000
0.00000000 0.80645161 2.23994567 2.23994567 0.00000000
0.03225806 0.80645161 2.22481454 2.31336710 0.08855256
0.06451613 0.80645161 2.21087702 2.38911498 0.17823796
0.09677419 0.80645161 2.19703292 2.46717760 0.27014468
0.12903226 0.80645161 2.18227884 2.54753473 0.36525589
0.16129032 0.80645161 2.16580112 2.63015697 0.46435585
0.19354839 0.80645161 2.14711999 2.71500513 0.56788514
0.22580645 0.80645161 2.12629810 2.80202964 0.67573155
0.25806452 0.80645161 2.10420677 2.89116996 0.78696319
0.29032258 0.80645161 2.08279311 2.98235404 0.89956093
0.32258065 0.80645161 2.06520617 3.07549777 1.01029159
0.35483871 0.80645161 2.05556683 3.17050455 1.11493773
0.38709677 0.80645161 2.05827060 3.26726489 1.20899429
0.41935484 0.80645161 2.07724427 3.36565600 1.28841172
0.45161290 0.80645161 2.11623796 3.46554156 1.34930360
0.48387097 0.80645161 2.17990157 3.56677151 1.38686995
0.51612903 0.80645161 2.27120453 3.66918195 1.39797742
0.54838710 0.80645161 2.39106727 3.77259511 1.38152784
0.58064516 0.80645161 2.53807030 3.87681945 1.33874916
0.61290323 0.80645161 2.70808575 3.98164989 1.27356414
0.64516129 0.80645161 2.89588209 4.08686810 1.19098601
0.67741935 0.80645161 3.09640365 4.19224297 1.09583932
0.70967742 0.80645161 3.30529572 4.29753120 0.99223547
0.74193548 0.80645161 3.51902437 4.40247796 0.88345359
0.77419355 0.80645161 3.73484722 4.50681779 0.77197057
0.80645161 0.80645161 3.95073142 4.61027554 0.65954412
0.83870968 0.80645161 4.16524943 4.71256747 0.54731805
0.87096774 0.80645161 4.37746741 4.81340252 0.43593511
0.90322581 0.80645161 4.58683690 4.91248359 0.32564669
0.93548387 0.80645161 4.79309653 5.00950911 0.21641258
0.96774194 0.80645161 4.99618637 5.10417454 0.10798817
1.00000000 0.80645161 5.19617406 5.19617406 0.00000000
0.00000000 0.83870968 2.31338004 2.31338004 0.00000000
0.03225806 0.83870968 2.31403767 2.38920852 0.07517085
0.06451613 0.83870968 2.31626537 2.46743971 0.15117434
0.09677419 0.83870968 2.31927121 2.54806154 0.22879033
0.12903226 0.83870968 2.32237181 2.63105310 0.30868129
0.16129032 0.83870968 2.32507694 2.71638402 0.39130709
0.19354839 0.83870968 2.32720301 2.80401385 0.47681084
0.22580645 0.83870968 2.32901541 2.89389137 0.56487596
0.25806452 0.83870968 2.33138335 2.98595407 0.65457072
0.29032258 0.83870968 2.33590315 3.08012752 0.74422437
0.32258065 0.83870968 2.34491486 3.17632487 0.83141001
0.35483871 0.83870968 2.36133438 3.27444636 0.91311198
0.38709677 0.83870968 2.38830716 3.37437889 0.98607172
0.41935484 0.83870968 2.42887865 3.47599565 1.04711700
0.45161290 0.83870968 2.48595793 3.57915586 1.09319793
0.48387097 0.83870968 2.56233258 3.68370454 1.12137195
0.51612903 0.83870968 2.65983661 3.78947240 1.12963579
0.54838710 0.83870968 2.77894029 3.89627585 1.11733557
0.58064516 0.83870968 2.91856131 4.00391709 1.08535578
0.61290323 0.83870968 3.07611266 4.11218428 1.03607163
0.64516129 0.83870968 3.24816874 4.22085197 0.97268323
0.67741935 0.83870968 3.43115246 4.32968145 0.89852899
0.70967742 0.83870968 3.62175929 4.43842144 0.81666215
0.74193548 0.83870968 3.81715094 4.54680878 0.72965784
0.77419355 0.83870968 4.01501317 4.65456929 0.63955612
0.80645161 0.83870968 4.21354177 4.76141879 0.54787703
0.83870968 0.83870968 4.41139129 4.86706427 0.45567298
0.87096774 0.83870968 4.60760599 4.97120508 0.36359909
0.90322581 0.83870968 4.80154502 5.07353443 0.27198941
0.93548387 0.83870968 4.99280927 5.17374084 0.18093157
0.96774194 0.83870968 5.18117363 5.27150977 0.09033614
1.00000000 0.83870968 5.36652541 5.36652541 0.00000000
0.00000000 0.87096774 2.38922189 2.38922189 0.00000000
0.03225806 0.87096774 2.40658030 2.46753632 0.06095602
0.06451613 0.87096774 2.42583452 2.54833225 0.12249773
0.09677419 0.87096774 2.44643674 2.63159718 0.18516044
0.12903226 0.87096774 2.46793828 2.71730953 0.24937125
0.16129032 0.87096774 2.49005822 2.80543795 0.31537972
0.19354839 0.87096774 2.51276615 2.89594062 0.38317447
0.22580645 0.87096774 2.53637469 2.98876469 0.45239000
0.25806452 0.87096774 2.56162700 3.08384557 0.52221858
0.29032258 0.87096774 2.58975140 3.18110641 0.59135501
0.32258065 0.87096774 2.62244620 3.28045749 0.65801129
0.35483871 0.87096774 2.66176819 3.38179580 0.72002761
0.38709677 0.87096774 2.70994174 3.48500451 0.77506277
0.41935484 0.87096774 2.76916693 3.58995268 0.82078575
0.45161290 0.87096774 2.84149658 3.69649489 0.85499831
0.48387097 0.87096774 2.92868781 3.80447109 0.87578329
0.51612903 0.87096774 3.03184909 3.91370645 0.88185736
0.54838710 0.87096774 3.15118930 4.02401134 0.87282205
0.58064516 0.87096774 3.28591550 4.13518149 0.84926599
0.61290323 0.87096774 3.43431550 4.24699812 0.81268262
0.64516129 0.87096774 3.59408273 4.35922836 0.76514562
0.67741935 0.87096774 3.76269504 4.47162571 0.70893066
0.70967742 0.87096774 3.93770483 4.58393063 0.64622580
0.74193548 0.87096774 4.11691227 4.69587134 0.57895906
0.77419355 0.87096774 4.29844596 4.80716467 0.50871871
0.80645161 0.87096774 4.48078244 4.91751713 0.43673469
0.83870968 0.87096774 4.66272842 5.02662608 0.36389766
0.87096774 0.87096774 4.84338213 5.13418105 0.29079892
0.90322581 0.87096774 5.02208465 5.23986516 0.21778051
0.93548387 0.87096774 5.19836825 5.34335673 0.14498849
0.96774194 0.87096774 5.37190559 5.44433093 0.07242534
1.00000000 0.87096774 5.54246156 5.54246156 0.00000000
0.00000000 0.90322581 2.46755013 2.46755013 0.00000000
0.03225806 0.90322581 2.50227700 2.54843202 0.04615503
0.06451613 0.90322581 2.53917717 2.63187676 0.09269959
0.09677419 0.90322581 2.57788958 2.71787145 0.13998187
0.12903226 0.90322581 2.61813087 2.80639380 0.18826292
0.16129032 0.90322581 2.65974600 2.89741141 0.23766542
0.19354839 0.90322581 2.70276452 2.99088113 0.28811661
0.22580645 0.90322581 2.74745809 3.08674834 0.33929026
0.25806452 0.90322581 2.79438857 3.18494635 0.39055779
0.29032258 0.90322581 2.84443080 3.28539579 0.44096499
0.32258065 0.90322581 2.89875233 3.38800400 0.48925167
0.35483871 0.90322581 2.95874107 3.49266458 0.53392351
0.38709677 0.90322581 3.02589177 3.59925688 0.57336511
0.41935484 0.90322581 3.10168166 3.70764567 0.60596401
0.45161290 0.90322581 3.18745539 3.81768076 0.63022537
0.48387097 0.90322581 3.28429222 3.92919686 0.64490463
0.51612903 0.90322581 3.39282593 4.04201338 0.64918745
0.54838710 0.90322581 3.51310609 4.15593452 0.64282843
0.58064516 0.90322581 3.64454655 4.27074926 0.62620271
0.61290323 0.90322581 3.78598520 4.38623168 0.60024648
0.64516129 0.90322581 3.93585599 4.50214128 0.56628529
0.67741935 0.90322581 4.09240184 4.61822346 0.52582163
0.70967742 0.90322581 4.25385943 4.73421019 0.48035077
0.74193548 0.90322581 4.41858729 4.84982076 0.43123348
0.77419355 0.90322581 4.58513811 4.96476273 0.37962462
0.80645161 0.90322581 4.75228783 5.07873299 0.32644516
0.83870968 0.90322581 4.91903499 5.19141897 0.27238398
0.87096774 0.90322581 5.08458155 5.30250002 0.21791847
0.90322581 0.90322581 5.24830345 5.41164888 0.16334543
0.93548387 0.90322581 5.40971642 5.51853332 0.10881690
0.96774194 0.90322581 5.56844058 5.62281785 0.05437727
1.00000000 0.90322581 5.72416560 5.72416560 0.00000000
0.00000000 0.93548387 2.54844628 2.54844628 0.00000000
0.03225806 0.93548387 2.60101580 2.63197981 0.03096400
0.06451613 0.93548387 2.65599702 2.71816020 0.06216318
0.09677419 0.93548387 2.71317021 2.80697414 0.09380392
0.12903226 0.93548387 2.77236608 2.89839860 0.12603252
0.16129032 0.93548387 2.83349842 2.99240014 0.15890171
0.19354839 0.93548387 2.89659861 3.08893416 0.19233556
0.22580645 0.93548387 2.96184845 3.18794429 0.22609584
0.25806452 0.93548387 3.02960511 3.28936162 0.25975651
0.29032258 0.93548387 3.10040955 3.39310419 0.29269463
0.32258065 0.93548387 3.17497029 3.49907631 0.32410601
0.35483871 0.93548387 3.25411933 3.60716808 0.35304875
0.38709677 0.93548387 3.33874566 3.71725491 0.37850925
0.41935484 0.93548387 3.42971823 3.82919711 0.39947888
0.45161290 0.93548387 3.52780600 3.94283959 0.41503360
0.48387097 0.93548387 3.63359012 4.05801163 0.42442151
0.51612903 0.93548387 3.74736826 4.17452673 0.42715847
0.54838710 0.93548387 3.86908202 4.29218266 0.42310064
0.58064516 0.93548387 3.99829238 4.41076149 0.41246910
0.61290323 0.93548387 4.13421535 4.53002989 0.39581453
0.64516129 0.93548387 4.27581276 4.64973946 0.37392671
0.67741935 0.93548387 4.42190814 4.76962728 0.34771915
0.70967742 0.93548387 4.57129491 4.88941652 0.31812161
0.74193548 0.93548387 4.72281826 5.00881727 0.28599900
0.77419355 0.93548387 4.87542668 5.12752749 0.25210081
0.80645161 0.93548387 5.02819703 5.24523415 0.21703712
0.83870968 0.93548387 5.18033987 5.36161443 0.18127456
0.87096774 0.93548387 5.33119155 5.47633716 0.14514561
0.90322581 0.93548387 5.48019830 5.58906436 0.10886606
0.93548387 0.93548387 5.62689609 5.69945289 0.07255680
0.96774194 0.93548387 5.77088891 5.80715629 0.03626738
1.00000000 0.93548387 5.91182662 5.91182662 0.00000000
0.00000000 0.96774194 2.63199453 2.63199453 0.00000000
0.03225806 0.96774194 2.70272933 2.71826662 0.01553729
0.06451613 0.96774194 2.77608771 2.80727235 0.03118464
0.09677419 0.96774194 2.85196045 2.89899796 0.04703751
0.12903226 0.96774194 2.93025884 2.99341969 0.06316084
0.16129032 0.96774194 3.01093032 3.09050297 0.07957265
0.19354839 0.96774194 3.09397446 3.19020177 0.09622731
0.22580645 0.96774194 3.17945761 3.29245784 0.11300023
0.25806452 0.96774194 3.26752310 3.39720004 0.12967694
0.29032258 0.96774194 3.35839356 3.50434370 0.14595014
0.32258065 0.96774194 3.45236192 3.61379001 0.16142809
0.35483871 0.96774194 3.54977018 3.72542546 0.17565528
0.38709677 0.96774194 3.65097807 3.83912138 0.18814330
0.41935484 0.96774194 3.75632578 3.95473349 0.19840771
0.45161290 0.96774194 3.86609396 4.07210163 0.20600767
0.48387097 0.96774194 3.98046108 4.19104946 0.21058838
0.51612903 0.96774194 4.09946103 4.31138440 0.21192337
0.54838710 0.96774194 4.22295190 4.43289755 0.20994565
0.58064516 0.96774194 4.35060620 4.55536387 0.20475767
0.61290323 0.96774194 4.48192733 4.67854237 0.19661504
0.64516129 0.96774194 4.61628938 4.80217650 0.18588712
0.67741935 0.96774194 4.75298875 4.92599472 0.17300598
0.70967742 0.96774194 4.89129418 5.04971113 0.15841695
0.74193548 0.96774194 5.03048667 5.17302631 0.14253964
0.77419355 0.96774194 5.16988619 5.29562833 0.12574214
0.80645161 0.96774194 5.30886615 5.41719388 0.10832774
0.83870968 0.96774194 5.44685813 5.53738957 0.09053145
0.87096774 0.96774194 5.58334997 5.65587337 0.07252340
0.90322581 0.96774194 5.71787960 5.77229622 0.05441662
0.93548387 0.96774194 5.85002647 5.88630373 0.03627726
0.96774194 0.96774194 5.97940206 5.99753807 0.01813601
1.00000000 0.96774194 6.10563992 6.10563992 0.00000000
0.00000000 1.00000000 2.71828183 2.71828183 0.00000000
0.03225806 1.00000000 2.80738226 2.80738226 0.00000000
0.06451613 1.00000000 2.89930595 2.89930595 0.00000000
0.09677419 1.00000000 2.99403870 2.99403870 0.00000000
0.12903226 1.00000000 3.09155594 3.09155594 0.00000000
0.16129032 1.00000000 3.19182201 3.19182201 0.00000000
0.19354839 1.00000000 3.29478933 3.29478933 0.00000000
0.22580645 1.00000000 3.40039776 3.40039776 0.00000000
0.25806452 1.00000000 3.50857383 3.50857383 0.00000000
0.29032258 1.00000000 3.61923009 3.61923009 0.00000000
0.32258065 1.00000000 3.73226449 3.73226449 0.00000000
0.35483871 1.00000000 3.84755979 3.84755979 0.00000000
0.38709677 1.00000000 3.96498312 3.96498312 0.00000000
0.41935484 1.00000000 4.08438546 4.08438546 0.00000000
0.45161290 1.00000000 4.20560139 4.20560139 0.00000000
0.48387097 1.00000000 4.32844881 4.32844881 0.00000000
0.51612903 1.00000000 4.45272881 4.45272881 0.00000000
0.54838710 1.00000000 4.57822565 4.57822565 0.00000000
0.58064516 1.00000000 4.70470690 4.70470690 0.00000000
0.61290323 1.00000000 4.83192368 4.83192368 0.00000000
0.64516129 1.00000000 4.95961104 4.95961104 0.00000000
0.67741935 1.00000000 5.08748851 5.08748851 0.00000000
0.70967742 1.00000000 5.21526084 5.21526084 0.00000000
0.74193548 1.00000000 5.34261878 5.34261878 0.00000000
0.77419355 1.00000000 5.46924019 5.46924019 0.00000000
0.80645161 1.00000000 5.59479115 5.59479115 0.00000000
0.83870968 1.00000000 5.71892733 5.71892733 0.00000000
0.87096774 1.00000000 5.84129550 5.84129550 0.00000000
0.90322581 1.00000000 5.96153515 5.96153515 0.00000000
0.93548387 1.00000000 6.07928029 6.07928029 0.00000000
0.96774194 1.00000000 6.19416134 6.19416134 0.00000000
1.00000000 1.00000000 6.30580719 6.30580719 0.00000000
